Composite.Element.REF	TCGA-ND-A4WA-01	TCGA-NG-A4VU-01	TCGA-NG-A4VW-01	TCGA-QN-A5NN-01	TCGA-N8-A4PI-01	TCGA-N8-A4PL-01	TCGA-N8-A4PQ-01	TCGA-N8-A56S-01	TCGA-N8-A4PO-01	TCGA-N8-A4PN-01	TCGA-N8-A4PM-01	TCGA-N8-A4PP-01	TCGA-N5-A4RV-01	TCGA-NA-A4QW-01	TCGA-NA-A4R1-01	TCGA-NA-A4QX-01	TCGA-N7-A59B-01	TCGA-N7-A4Y8-01	TCGA-N7-A4Y5-01	TCGA-N5-A4R8-01	TCGA-N5-A4RA-01	TCGA-N5-A4RD-01	TCGA-N5-A4RJ-01	TCGA-N5-A4RM-01	TCGA-N5-A4RN-01	TCGA-N5-A4RO-01	TCGA-N5-A4RS-01	TCGA-N5-A4RT-01	TCGA-N5-A59E-01	TCGA-N5-A59F-01	TCGA-N6-A4VD-01	TCGA-N6-A4VC-01	TCGA-N6-A4VE-01	TCGA-N6-A4V9-01	TCGA-NF-A4X2-01	TCGA-NF-A5CP-01	TCGA-N9-A4Q7-01	TCGA-N9-A4Q3-01	TCGA-N9-A4Q1-01	TCGA-N9-A4PZ-01	TCGA-NA-A4R0-01	TCGA-NA-A4QY-01	TCGA-NA-A4QV-01	TCGA-ND-A4WC-01	TCGA-ND-A4WF-01	TCGA-ND-A4W6-01	TCGA-N7-A4Y0-01	TCGA-N9-A4Q4-01
YWHAE|14-3-3_epsilon	0.2404	-0.6158	2.1778	-0.0792	2.9983	0.9474	-0.4894	0.2376	-0.5911	-0.5547	0.5768	0.465	0.999	-0.426	0.004	-1.1701	0.0376	0.826	0.0812	0.3713	0.51	-0.3945	-1.3992	-0.1452	-0.02	-0.4487	1.0307	-0.4015	0.0202	-0.3217	0.3454	0.4378	-0.1943	-1.1511	0.3695	-0.8227	0.5021	-0.7094	-0.068	2.8219	-3.2732	-0.6178	0.3293	-0.3426	-0.5946	-0.1481	-0.2844	-1.066
EIF4EBP1|4E-BP1	-1.0378	1.5972	0.546	1.3134	1.2012	0.4007	-0.4635	0.1891	-1.7699	-0.7659	-0.9582	-1.1074	0.2301	-0.2945	1.4352	0.0623	-1.347	3.1907	0.8376	0.0215	0.6659	0.1302	-0.1744	0.8559	1.8768	-0.9885	-1.7649	0.3415	-1.7721	0.3709	-0.7166	0.0143	0.1871	-0.4453	0.634	-0.7266	-0.4113	-0.4962	-0.4813	-1.4596	0.0057	-0.1767	-0.0251	-0.2181	0.6805	-0.9163	1.1532	0.5761
EIF4EBP1|4E-BP1_pS65	-0.8587	0.9921	-1.8052	0.4628	-1.428	1.775	-1.3166	-0.3842	-1.1605	0.1945	-1.6644	0.2971	-0.9548	0.9834	0.617	1.7992	-1.0308	0.4276	-0.1948	-0.262	-0.6016	-0.6673	0.0879	0.7488	0.3814	-0.7923	-0.1625	-0.2406	0.4542	-0.34	-1.1953	-0.1819	0.1462	0.4734	2.2591	-0.888	-0.5928	1.6131	-1.0672	2.098	1.9995	-0.5232	0.1827	-0.4549	1.1918	-0.1056	-0.1955	-0.1159
EIF4EBP1|4E-BP1_pT37T46	-1.6635	1.5608	-0.7413	0.423	-3.9437	0.2943	-0.4169	0.0807	-1.1219	0.36	-1.1199	-0.8735	-1.9883	1.3566	0.5941	0.9628	-0.7221	0.6717	1.1743	0.0171	0.3697	0.1846	0.2787	-0.0989	0.7426	-0.4163	-1.6129	0.9734	-0.431	0.0675	0.3207	-0.043	0.8383	0.2474	1.0924	1.0356	-0.7096	1.5444	-0.8097	-0.4169	0.9774	-0.072	0.6045	-0.0527	0.3876	-0.43	0.1189	0.4052
TP53BP1|53BP1	0.6759	0.0291	-3.825	-0.146	-0.3193	1.7969	0.0895	0.6389	-0.5695	-0.108	0.0507	-1.9878	1.1183	-1.372	0.2315	0.731	-0.4708	1.4621	0.5711	0.7249	0.3131	1.7156	-0.2389	0.463	1.262	-0.1707	0.424	-0.7708	-0.0259	1.3468	-0.2901	-0.2218	-0.668	-0.2404	-0.808	-0.2688	1.2717	1.2038	-0.0633	-1.3518	0.848	-0.2006	-1.5282	0.1796	-0.293	0.1245	-0.5634	-0.7698
ACACA ACACB|ACC_pS79	2.1864	-0.4225	-1.2048	0.3936	-1.7465	-0.2107	-0.7065	0.4899	-1.2284	-0.3398	0.712	0.3256	-1.3271	0.1626	2.3415	1.4902	-0.8926	0.9142	0.0087	0.5751	-3.2098	-0.2329	0.4004	-0.1071	-0.6032	-0.461	-1.8501	1.2201	0.307	-0.1258	0.348	0.4022	0.3042	-0.4933	0.9133	0.868	0.0938	0.7613	-0.4935	-1.0063	-0.78	0.3747	-0.8759	0.8376	0.381	-0.1233	0.7002	0.9293
ACACA|ACC1	1.5069	-0.54	-0.1325	0.2848	1.0002	0.2751	-0.9145	0.126	-0.8851	-0.6798	0.6556	0.3778	-0.8521	-0.1674	2.0764	1.2678	-1.1381	0.9208	-0.1971	0.521	-4.2488	-0.5307	-0.2017	-0.2104	-0.7722	-0.3837	-0.5318	1.5943	-0.0685	-0.2841	0.5258	0.5007	0.0201	-0.7103	0.9704	0.7399	0.3141	0.5955	-0.9233	-1.6566	-0.305	0.7702	-1.0375	0.7739	0.3333	-0.3472	0.777	0.7906
AKT1 AKT2 AKT3|Akt	-0.6478	0.0604	-4.8794	-0.2651	-1.1872	-0.2752	0.0999	0.4283	-0.3999	-0.2319	-0.2432	-1.1409	0.7313	-0.4474	0.9322	0.8021	0.6904	0.2079	-0.6057	0.1322	1.497	0.9009	-0.1502	0.8432	0.4028	-0.1487	-0.0367	1.3476	0.4596	-0.1669	0.0198	-0.5079	0.9084	0.0566	0.1064	-0.5368	0.6863	-0.1464	0.1286	-1.4226	1.4369	-0.1135	0.3754	-1.1966	1.1796	-0.7502	1.2993	-0.2331
AKT1 AKT2 AKT3|Akt_pS473	-1.0466	0.8289	-0.4143	1.5187	-1.1474	-1.1026	-0.5373	-0.4137	-0.9612	-0.0483	-0.5457	-1.2556	-1.0263	-0.0657	-0.1785	1.7008	0.3067	-0.5195	0.2971	0.4088	1.7362	1.7872	-0.5264	-0.5732	-1.494	-0.4912	-1.1955	1.8176	-0.8136	-0.8793	1.8184	-0.5381	-0.012	0.3217	1.7045	1.8573	-0.607	-0.6836	-0.6775	0.0144	0.1435	0.1444	0.4825	0.4193	-0.4682	-0.544	2.2311	-0.7726
AKT1 AKT2 AKT3|Akt_pT308	-1.1101	0.5927	0.1724	1.5725	-0.9889	-0.9965	-0.6204	-0.3449	-1.1991	-0.0686	-0.2204	-0.897	-1.0347	-0.0272	0.2933	1.7063	-0.028	-0.0874	0.1143	0.655	1.7363	1.9758	-0.9444	-0.6132	-1.3981	-0.7768	-0.8664	0.8749	-0.7034	-0.1581	1.8779	-0.9241	-0.2506	0.2449	2.085	1.848	-0.8181	-0.6492	-0.7894	0.4677	-0.3304	0.4404	-0.1631	0.1662	-0.4615	-0.4291	2.3142	-1.239
PRKAA1|AMPK_alpha	-0.9103	0.8284	0.8961	-0.5364	-0.0765	-0.1844	-0.3902	-0.0355	-0.5015	-0.3057	-0.8192	0.5583	-1.4204	1.441	-0.1109	1.0711	-1.3098	1.1951	2.1954	0.5933	0.6198	-0.4917	-0.6783	1.5432	0.3127	-0.7048	-1.9391	1.2901	-0.7984	-0.5961	-0.1362	0.1298	-0.4102	-0.498	-0.898	2.1761	-0.318	0.4035	0.2673	-1.4568	1.7928	-0.6112	-0.6714	0.1415	0.7438	-0.4769	-2.2055	1.2924
PRKAA1|AMPK_pT172	0.1451	0.55	-1.0417	1.3052	-1.2382	-1.1837	1.1604	0.6432	-0.7421	0.0871	-1.2286	1.3362	-0.1569	-0.6957	0.4358	0.5153	-0.1004	0.5528	-1.0126	-0.0167	-0.2915	-0.0607	0.1889	1.4088	0.8937	0.9256	-4.1166	0.8839	-0.773	-1.1951	0.4542	0.8713	0.623	-0.6745	0.0426	1.0203	0.2938	-0.1972	0.1114	-1.8543	1.1424	-0.5343	-0.073	0.7336	1.0661	0.3657	-0.7961	0.2265
AR|AR	1.186	1.211	0.8054	0.5019	0.3002	0.2499	0.8416	0.7182	0.3849	-0.0155	1.7278	-1.1276	-0.5322	-0.9206	0.4669	-1.4562	-0.769	0.0825	-0.643	-0.1291	-0.7622	0.3159	0.1673	0.98	0.1936	-0.6996	0.2353	1.2168	0.066	-0.7907	-1.8002	-0.1213	3.0288	-2.0628	0.3378	-1.1487	0.1914	-0.7913	0.2582	2.2478	-0.7643	0.1948	0.325	-1.8953	-0.6023	-0.5437	-0.825	0.1657
ASNS|ASNS	-0.1355	-0.3588	2.0112	-0.6341	0.4606	-0.0384	-0.4858	-0.8461	-0.4035	-0.4194	-0.6703	0.2554	-0.8613	-0.0236	1.4359	-0.7871	-0.8103	-0.3195	1.4591	-0.2693	-0.0535	-0.4935	-1.3971	-0.3115	-1.1751	-0.0796	-1.4806	0.1035	-0.3924	-0.8194	-0.1626	0.9123	0.4583	-0.061	0.2008	-0.3465	0.1407	0.036	-0.0729	3.625	-2.3305	0.3018	0.0982	1.5459	0.9583	-0.4593	2.1252	0.5703
ATM|ATM	1.0379	-0.0358	-3.3189	0.5425	0.1333	-0.4638	-0.1679	0.5569	0.3897	1.0566	-0.325	0.6378	-0.2011	0.6456	-1.0801	0.4541	0.2841	2.1037	-1.2192	0.7642	-1.2745	-0.6119	-0.4956	0.2802	0.8862	-0.0833	-0.6442	0.1432	0.0436	0.5707	0.3003	-0.3623	0.5788	-1.2219	0.1086	0.0055	1.3147	1.1502	0.3185	-3.0862	1.0626	0.3674	-1.196	0.1072	0.3073	0.0239	-1.49	1.1023
BAK1|Bak	1.1211	0.2966	0.7844	0.1598	0.8558	1.2726	-0.8214	-0.8732	0.2182	-0.2647	-0.4034	-0.86	0.0192	-1.5547	0.4213	-1.0511	0.4164	1.6086	-0.5125	-0.3465	0.139	0.4978	-0.4368	2.257	1.5004	-0.6642	0.7257	0.6992	0.2968	0.1283	-2.2694	1.0136	-0.3168	-1.2509	0.7743	-0.8491	-0.5099	-0.9323	0.3269	2.876	-1.8344	-0.4466	-0.6668	-1.3725	-0.5394	-0.1243	0.1882	0.3034
BAX|Bax	-0.5912	-1.1979	2.711	0.1182	1.2405	1.6588	-0.0607	-2.1353	-0.3639	-1.2851	0.3834	0.4847	-1.1579	-1.621	1.94	-1.8133	0.5493	0.6157	-1.2163	-0.8247	-0.4075	0.1892	-0.2724	-0.4643	0.3944	-0.1844	1.2488	0.778	-0.064	0.3827	1.7011	-0.7183	-0.2539	-1.4399	0.6637	-0.3713	-0.8633	0.5407	-0.2513	0.6706	0.7349	-0.4599	0.3889	-0.2601	1.1847	-0.278	0.6392	-0.6627
BCL2|Bcl-2	-0.1746	0.6194	0.6507	-0.5601	-0.5444	-0.473	-0.037	0.6086	3.2905	-0.5704	1.0968	-0.9076	0.9997	-0.5215	-1.0315	-0.831	3.3288	1.1565	-0.1907	-0.415	1.0128	0.8907	-0.7249	0.2864	0.2788	-0.8578	0.1038	-0.1702	0.7828	-0.3531	0.5182	-0.7128	1.8994	-1.402	-0.7454	-0.0311	0.0699	-0.897	-0.1831	-0.7067	-0.145	-0.5837	-0.3288	-1.0761	-0.3219	-0.3759	-1.7278	0.0062
BCL2L1|Bcl-xL	0.695	-0.6684	1.9555	-1.0626	0.633	-0.2129	0.1983	1.1959	-0.1552	-0.5952	0.4165	-0.7716	-1.0156	-0.5894	0.2833	0.3162	-0.3418	-0.1478	0.0078	-0.5226	-0.4981	-0.5941	-0.3025	0.1345	0.4484	0.5652	0.5251	0.0298	0.3925	-0.4946	0.0991	-0.4692	-0.5042	-0.777	-1.0185	-0.4813	-0.9496	-0.8799	0.002	2.0334	-1.2165	0.1305	0.3825	-0.4534	0.2428	-0.4924	4.9665	-0.4397
BECN1|Beclin	1.0625	0.8591	-1.7316	-0.3293	-1.4731	-0.4685	-0.0374	0.6379	-0.9431	-0.0617	-1.1384	-1.0675	-0.042	1.5404	-1.3892	0.3755	-0.8356	0.0768	0.8684	2.6115	-0.0873	0.1253	1.0422	-0.7673	-1.1802	-1.4264	-0.3985	-1.2302	0.5502	2.3984	0.4262	-0.4375	0.8922	0.581	-0.9291	0.5415	-0.3541	0.4114	-0.3163	0.2985	-0.8125	0.0621	0.5829	-0.9106	-0.5396	1.0124	2.2251	-0.2747
CTNNB1|beta-Catenin	-0.2842	-0.0878	-2.8488	-0.4372	0.1658	-0.2034	-0.129	0.3524	1.2194	0.3167	1.2555	-0.2992	-1.2124	0.3565	-0.6643	0.2408	1.2123	-0.2852	0.1266	-0.0019	-1.0739	0.1209	0.384	0.9121	0.9986	0.2513	0.9146	0.3011	0.8488	-0.4739	0.7093	1.0432	1.042	0.4752	-0.3387	0.9289	-0.6026	0.2302	-0.3711	-3.0314	1.6943	-0.6415	-0.5169	1.134	0.582	-1.1546	-2.6469	-0.5118
BID|Bid	-0.9108	-0.137	2.7715	0.4789	0.5471	0.1955	0.906	-0.3038	-0.2125	0.5215	-0.1853	-0.2692	-1.1336	-0.046	0.2407	-0.6958	-0.7528	-0.6341	-0.0953	-0.3287	0.6499	-0.7287	-0.4429	-0.7596	0.3142	-0.3136	-0.3901	-0.7461	0.1165	-0.3497	-0.9005	-0.6203	-0.6091	-0.5405	-0.8521	-0.5971	-0.4462	-1.1026	1.4925	4.5412	0.5624	-0.7787	1.3629	-0.4153	0.1803	0.4135	1.2149	-0.2115
BCL2L11|Bim	1.4377	0.0877	-1.4408	-0.733	0.8136	-1.0392	-0.4721	0.6827	3.0612	-0.6454	0.5168	-0.5903	-0.5438	-0.5632	0.2622	-0.0912	1.8663	0.8892	-0.7235	-0.1631	0.6176	0.6325	-1.3599	-0.0255	2.1402	1.0077	0.4454	1.4932	-0.1301	-0.7408	-0.5214	-0.563	1.0336	-1.1126	0.403	0.5595	1.4085	-1.5844	-0.5927	-1.1402	-0.3329	-0.3022	-0.3982	-0.5227	-1.2025	-0.4687	-1.3881	0.0327
JUN|c-Jun_pS73	0.583	-0.6634	-1.5378	-0.9093	-2.4007	0.3383	-0.9163	-0.0264	0.7189	0.5049	-0.8533	-0.6022	-0.5925	0.6349	0.0483	-0.0036	1.382	0.8263	-1.6191	-0.7767	0.5555	-0.3668	1.3393	0.5533	-0.1082	1.2052	-1.548	-0.2953	0.2625	-0.1877	-1.4289	0.5131	2.617	1.8304	0.4707	1.4441	0.3674	-0.353	-0.065	0.1568	-1.603	1.3011	0.7155	-0.1037	0.4953	-0.0897	-1.4054	-0.4076
KIT|c-Kit	-0.1024	-0.4414	0.823	-0.3077	0.1141	0.0858	-0.9839	-0.1576	3.4749	-0.7793	0.1029	-0.3796	-0.9685	-0.3034	-0.0641	-0.6538	-0.8539	-0.8949	-0.4531	0.2203	-0.1838	-0.2883	-0.4861	1.6079	-0.5198	0.1346	2.7092	1.3312	-0.5062	-0.7723	-0.1539	0.5591	2.0374	0.9349	-0.4165	-0.6994	-0.4581	0.0046	-0.0979	2.4217	-1.1338	-0.7872	0.3925	-0.7329	-0.1806	-0.2245	-0.9131	-1.0557
MET|c-Met_pY1235	-0.0038	-0.9813	3.4502	0.6238	0.8015	0.6544	0.2865	-0.1375	-0.3231	0.0995	-0.4597	-0.3724	0.2504	-0.9011	0.2311	-0.9254	-0.7079	-0.0955	-0.396	-0.4063	0.2226	-0.4798	-0.6714	-0.3472	0.3882	-0.1613	0.142	-0.5286	0.0621	-0.441	-0.8764	0.0334	-0.2999	-0.8284	0.4128	-1.3199	-0.3654	-0.8043	0.8147	4.6589	-0.3411	-0.7012	0.6729	-0.8867	0.0129	0.2443	0.6712	0.0293
MYC|c-Myc	-1.0671	-0.6133	2.5875	0.6512	0.4044	0.5153	1.0963	0.4137	-0.2624	0.6223	-0.0541	-0.6186	-0.4354	-0.6176	0.1091	-0.5263	-1.3723	-0.266	-1.403	-0.124	0.5981	-0.5002	0.4791	-0.6095	0.1005	0.1378	-0.7185	-0.8171	0.4788	0.2989	-0.9761	-1.0284	-0.4205	0.2483	-0.1532	-1.4303	-0.1974	-1.5714	0.6797	3.9063	-0.1858	0.1682	1.4961	-1.1668	-0.2965	0.2661	1.5623	0.612
RAF1|C-Raf	-0.5534	0.0257	-0.5896	1.4816	-0.6626	0.0429	1.0356	-0.7873	-1.1756	0.5977	-0.028	1.0223	1.0442	-0.7663	1.8245	0.8744	-1.2244	0.7516	-0.1261	0.5639	0.0906	-1.3289	-1.2606	2.3747	0.6119	-0.7325	-0.5435	0.0784	1.4225	0.1982	-1.1822	-0.8823	-0.2092	-1.2503	2.0621	-0.7554	-0.4754	0.2807	-0.7232	1.5104	0.5656	-1.5025	-0.6064	-1.1037	1.6166	0.0008	-0.833	-0.774
RAF1|C-Raf_pS338	-0.7545	-0.7871	3.5229	0.5303	0.056	0.3927	0.9974	-0.1535	-0.2266	0.7182	-1.0114	-0.0178	-0.3569	-0.0261	0.3044	-0.2375	-0.8883	-0.472	-0.4528	-0.4531	0.7005	-0.915	-0.632	-0.3773	0.1749	-0.4029	-0.4316	-0.7697	0.5787	-0.4129	-0.3381	-0.5392	-0.0919	0.27	0.2109	-0.5025	-0.8441	0.2609	0.8486	4.6079	-1.2458	-0.4949	0.6254	-0.5099	-0.1381	0.1524	0.0736	-0.5421
CASP7|Caspase-7_cleavedD198	-0.5573	-0.7494	1.277	-0.2346	-0.1474	-0.484	-0.0043	-0.6152	-0.113	-0.5838	-0.4785	1.2738	-0.1256	-0.5313	-0.2195	-1.1106	1.7203	-1.1086	-0.9342	-1.0034	-0.3693	-0.5737	-0.4897	-0.6386	0.2723	0.1594	-0.6823	-0.5115	-0.5705	-0.0883	-0.3519	1.9091	-0.2662	-0.8261	-0.0475	0.5175	4.3997	-0.4301	0.276	1.0436	-0.4755	-0.7689	1.4979	1.7284	0.0633	0.051	0.6999	-0.7981
CAV1|Caveolin-1	0.0207	0.2188	-0.4929	0.5629	1.6356	-1.7396	-0.7762	-0.4512	2.9312	-0.2911	2.1202	0.2536	-0.7132	-0.5391	0.0075	0.5977	0.3817	-0.8151	0.5771	-0.4965	-0.9476	-0.3177	-0.2923	-0.6064	0.9381	1.0736	1.6917	-0.2839	-0.925	-1.0877	-0.8283	0.2379	0.192	-0.9447	0.0174	-0.1011	1.5727	-0.3388	-0.2999	-2.2197	1.8022	-0.4037	0.4858	-0.6059	0.004	1.1279	-1.2781	-0.655
PECAM1|CD31	0.6191	-0.5131	1.8553	0.0156	1.0118	0.0263	-0.1894	-0.0448	0.274	-0.2728	0.0086	0.1051	0.5274	-0.3206	-0.2765	-0.4479	0.0059	0.0462	-0.1002	0.0126	-0.0444	-0.0415	-0.1754	-0.0899	0.1749	-0.0046	0.1704	-0.0345	-0.0791	0.0052	0.0138	0.39	0.1658	-0.4799	0.4981	0.1415	0.3801	-0.1554	0.2053	1.6443	-6.1309	0.1923	0.5887	-0.037	-0.167	0.5151	0.1632	-0.1516
ITGA2|CD49b	0.3026	-1.3415	3.2909	-0.4124	0.6968	0.2851	-0.6462	-0.0732	0.1618	-0.7177	-0.3339	-0.981	-0.0149	-0.8026	-0.5525	-0.9539	0.2184	-0.501	-0.6779	-0.4675	-0.7492	-0.6026	0.1041	0.1428	-0.3626	-0.0723	1.1065	-0.2754	-0.2441	-0.7201	0.7807	0.3523	0.8758	2.1133	-0.3504	-0.1783	0.2512	-0.7148	0.0717	2.5515	-2.6452	-0.2844	0.655	2.2002	-0.176	-0.5244	0.7434	-0.5283
CDK1|CDK1	0.955	-0.1541	1.3175	0.0218	0.1081	0.5118	-0.8439	-0.079	0.5	-0.155	0.6341	0.4872	0.194	-1.1483	0.5305	-0.7641	0.9549	0.4766	-0.9463	-0.4907	-0.3811	-0.12	-0.3677	-0.1044	0.1945	0.6983	-0.0789	-0.0125	-0.3982	-0.0295	-0.1671	1.0825	0.1524	-0.4732	0.7755	0.6135	-0.1671	-0.0027	0.2815	1.9824	-5.569	-0.0377	0.2801	-0.085	0.261	0.2071	-0.167	-0.4776
CHEK1|Chk1	0.1024	-0.0738	-2.008	-0.0654	-0.2887	0.9982	-0.0011	0.5974	0.4276	0.8844	0.2842	-0.2775	1.2875	-0.65	1.1764	-0.3066	0.1603	1.2718	-1.0068	0.475	-0.7441	-0.805	-1.0145	-0.0955	1.7395	-0.4432	0.0874	1.5422	-1.1881	-0.1216	-1.0116	1.031	2.1539	-1.5944	0.4681	0.0642	-0.1064	0.7742	-0.4875	-1.0971	-2.8038	-0.0663	-1.6508	0.8822	0.2082	0.0487	-0.3642	1.6071
CHEK1|Chk1_pS345	-0.3051	1.3425	-2.3389	0.0217	-1.0357	-0.5609	-1.0311	1.0048	-1.0154	1.1714	-0.4186	-0.9002	-0.7781	0.8748	0.2413	1.0896	0.0044	1.294	-0.2204	0.9581	-1.6485	1.1551	0.5997	0.5995	0.2746	-0.8894	-1.2397	0.1622	1.2605	-0.4416	-1.2141	-0.5012	1.0415	-0.9454	0.4477	0.0113	-0.1576	-0.2779	-0.0095	2.4488	-0.7348	-0.5843	-0.969	-0.5621	-0.3622	0.0047	2.6536	0.48
CHEK2|Chk2	0.8697	0.9359	-1.7736	-0.3918	-0.9367	-0.7619	0.4305	1.3302	-0.3666	0.3064	-0.7644	1.7288	-0.0337	0.0102	-0.0068	-0.6163	1.4212	2.5076	0.0167	0.8419	0.3454	-0.2184	1.2653	0.6197	-0.4253	0.5146	-1.6988	1.0241	-0.7179	2.0984	0.5631	0.348	-0.6743	-1.7577	-0.3321	-0.5232	-0.4532	0.7065	-0.6572	-1.3028	-1.1766	0.051	-1.9036	-1.1279	0.3696	1.0445	-0.2421	-0.4863
CHEK2|Chk2_pT68	-0.6647	-0.3371	2.6016	0.336	0.1385	0.081	0.4666	0.3577	-0.2433	0.228	-0.4737	0.752	-0.2227	-0.4449	0.7174	-0.7758	-0.0854	0.428	-0.576	-0.2022	0.3729	-0.782	-0.0394	-0.3359	0.1054	-0.1877	-0.3979	-0.5568	0.4002	0.4489	-0.729	-0.0492	-0.5836	-0.7758	-0.0926	-0.5635	-0.2623	-0.7127	0.646	3.6452	-3.5577	-0.5488	0.4238	-0.7888	0.0855	0.7679	2.2599	-0.273
BIRC2 |cIAP	-1.0995	0.1862	1.7141	0.2483	1.2519	0.306	-0.3437	0.1128	-0.3609	0.7774	0.2567	0.1765	-0.1876	1.3785	1.4105	0.8785	-1.136	-1.0095	0.4276	1.0541	0.6178	0.9773	-1.8859	-0.9271	0.2896	-0.0441	-0.6903	0.4019	-0.838	-1.5625	1.0224	0.6788	-1.8846	-0.3701	-0.8414	-1.5732	0.3998	-0.0902	0.75	3.3383	-1.1117	-0.9457	-0.6369	-0.5553	-0.075	-0.0173	-0.2419	-0.2267
CLDN7|Claudin-7	-1.0105	0.0677	1.5986	-0.9386	0.3099	0.7006	-0.2671	-0.0852	0.9041	-0.2799	0.7939	-1.0322	-0.7077	0.9403	-0.3328	-1.3524	0.3856	-1.3858	-0.4521	-0.6137	0.2706	-1.2174	0.71	-0.9956	-0.065	0.7688	0.7701	0.5363	-0.087	-1.149	2.4676	2.6222	-0.2274	-1.1118	-0.9278	0.5613	-0.1718	-0.2845	-0.0217	0.8446	-0.2264	-0.7258	-0.5808	3.1206	-0.3612	-1.0025	-0.1333	-0.6262
COL6A1|Collagen_VI	-1.3639	-1.5248	3.2406	0.4067	1.4145	0.7466	-0.2041	-1.0144	-0.2987	-0.846	1.0265	0.9741	-0.454	-0.5319	0.5383	-0.653	-0.4589	0.2597	-0.1422	-0.5882	0.0623	-0.9988	0.5046	0.6392	-0.3539	-0.502	0.0343	-0.9779	0.2568	0.6559	-0.8216	-1.5456	-0.8511	-0.0147	-0.0471	-0.0394	-0.9465	-1.1774	0.5712	2.8718	1.8824	0.0915	1.3036	-0.8997	-0.4285	-0.3486	0.5927	-0.0405
CCNB1|Cyclin_B1	-1.1044	0.7546	-0.2092	0.4902	0.2345	0.7592	-0.9566	-0.7805	-0.4747	-0.8886	0.5937	0.5003	0.4195	-2.4329	0.7526	-0.0024	1.6695	1.4786	-1.7253	-0.8552	-0.1714	0.1203	-0.7824	-0.0723	0.3227	1.7602	1.0981	1.1821	-1.2523	0.4375	-1.0098	1.1062	0.3283	-0.0273	0.8426	0.2355	-1.3424	0.5326	-1.1202	-1.9564	-0.2081	-0.4492	-1.3287	0.2795	1.7066	-0.3038	1.7893	0.0603
CCND1|Cyclin_D1	-0.7228	1.032	1.9004	-0.4729	0.2249	0.0637	0.3939	-0.38	-1.1109	0.8284	-1.8309	1.1312	1.3061	0.2834	-0.9313	-0.7568	-1.5869	-1.0207	-0.2537	1.1266	0.9412	-0.4978	0.7369	1.11	-1.0188	-0.4296	1.2973	-1.7037	0.1755	-0.7731	-0.6326	-0.771	-0.7301	0.7182	-1.2265	-0.4949	-0.8291	-0.1455	0.5988	1.9826	-0.1128	-0.0129	0.4699	-1.118	2.4767	1.1095	0.3316	-0.6757
CCNE1|Cyclin_E1	1.1653	1.1902	0.2407	-1.1288	0.1786	0.1032	-0.8059	-0.5356	-0.7248	0.313	-0.7933	1.4026	-1.362	-0.6409	0.1879	-0.8592	3.0441	-0.9865	0.7459	0.5891	1.0747	-0.7472	-0.7327	1.2175	0.6831	1.0668	1.5571	0.5258	-1.5998	0.1503	1.8678	0.0877	0.5107	-1.7409	-0.0837	0.656	-0.3967	0.3137	-0.3247	-0.196	-0.2821	-1.1212	0.1758	-1.0627	-0.0361	0.0448	-1.9503	-0.9813
PARK7|DJ-1	-0.3116	-1.012	2.6797	-0.6828	1.7803	0.3695	-0.6013	0.0736	-0.7374	0.1726	0.7202	0.7032	0.8578	-0.0631	1.5821	0.4317	-0.179	0.394	0.13	0.2098	0.5973	-0.4567	-0.5504	0.5893	-0.1672	-0.6022	2.0417	0.0158	-0.6549	0.2257	-0.6095	-0.4611	-1.258	-1.2632	0.7983	0.2377	0.5854	-0.8798	-0.9048	-3.2902	1.0849	0.4805	0.7908	-0.7083	0.6698	-0.0613	-1.3283	-1.439
DVL3|Dvl3	-0.1548	0.3435	-2.8756	1.3696	0.7075	1.5156	0.1355	-0.3461	0.4068	0.659	-0.6655	0.3514	0.6818	-0.5943	-1.2319	1.081	0.3655	1.3592	2.1652	0.2889	0.6894	0.8861	0.2911	-0.1028	0.7773	-0.1361	-1.364	1.718	0.8539	-0.0061	-0.9827	-0.5091	-0.3613	0.2904	0.2225	-0.3216	-0.8394	-1.4688	0.1735	-1.3297	1.514	-1.1149	-1.14	-0.7374	0.1462	-0.3854	-1.9781	-0.3473
CDH1|E-Cadherin	0.2643	-0.3979	-1.1373	-1.2506	-0.5803	-0.2724	-0.0642	0.8237	0.6565	-0.151	1.6019	-1.4037	-1.1832	1.2689	0.4253	-0.3974	1.4555	-1.4861	-0.4999	-0.5445	-1.4154	-1.0331	0.5615	0.6225	-0.1984	0.7076	1.0689	1.4412	1.1612	-0.1562	1.2801	1.3524	1.5837	1.0157	-1.3914	1.0493	-1.2073	1.0732	-0.0879	-0.4383	1.0174	-1.0728	-0.3892	0.8029	-1.2318	-1.4059	-1.5036	-0.334
EEF2|eEF2	-0.2002	3.1486	-2.1333	0.5178	2.4786	0.939	-0.8233	-0.7618	-1.4327	-0.7908	-0.462	1.1152	0.0699	-0.3467	0.4577	-0.4779	-0.1115	0.7476	1.4465	-0.1261	0.3977	-0.3098	-1.1308	0.3361	-0.1092	0.1357	0.9514	0.1583	-0.0773	-0.0945	0.4961	0.5512	-1.43	-0.7737	1.2728	-0.8357	0.0541	-0.1101	-0.7396	-2.7456	0.362	-0.1655	-0.675	0.6269	0.1728	-0.1051	0.5336	-0.0014
EEF2K|eEF2K	0.8187	1.7874	-1.0886	1.8555	-1.2521	0.2128	-1.3219	1.4651	-0.4467	0.2443	1.1946	-1.5717	-0.6719	1.9051	-0.5089	0.3474	-0.1023	-0.5267	1.4145	-0.5796	1.0374	0.6419	0.9558	0.3729	-0.2862	0.1977	0.4252	1.5471	0.6997	-0.4252	-0.7718	-0.1031	-0.7382	-1.1469	0.5158	-0.8513	0.9923	-0.0528	-0.0927	-0.8861	-1.2192	-2.3466	-0.2966	-0.4202	0.5631	0.7283	-0.3811	-1.834
EGFR|EGFR	-0.7197	-0.4131	-1.3057	0.9619	0.819	-0.1919	-0.9816	-0.466	0.7549	-1.0507	-0.4802	-0.2042	1.5143	-1.176	-1.0687	-0.9619	-0.2586	-1.2454	0.2086	-0.0361	-0.3938	-1.047	0.2563	1.0313	-1.1481	1.2471	0.048	0.5823	1.0711	-0.7025	-0.8864	-1.0687	-0.3819	3.1216	0.0948	-0.2761	-0.7548	-0.2947	0.0383	1.3821	-0.1351	1.7475	0.2654	-0.2874	2.5185	1.1237	0.095	-0.9456
EGFR|EGFR_pY1068	0.9904	0.0355	0.5061	-0.2362	-1.4442	-0.3139	-0.6489	0.5351	-0.1822	0.6051	-0.2466	-0.5564	0.5235	-0.4875	-0.4584	-0.3988	0.4104	-0.3458	-0.4587	0.7495	-0.4429	-0.5269	-0.779	0.6284	-0.6458	0.2129	-0.6988	-0.4497	-0.0474	-0.8292	-0.3787	0.5894	0.5234	4.2661	-0.467	0.1025	-0.5964	-0.9197	-0.1136	0.9446	-2.6925	1.3838	0.4	0.9523	2.2026	0.0835	-1.1768	-0.1035
EGFR|EGFR_pY1173	-0.8485	-0.2153	2.5785	0.5544	0.8089	0.4131	0.6004	-0.4738	-0.3576	0.4496	-0.5614	-0.2533	-0.1749	-0.1592	0.4698	-0.693	-0.7961	-0.242	-0.4517	-0.3179	0.1871	-0.7548	-0.4803	-0.044	0.1752	-0.2529	-0.0155	-0.7058	0.4258	-0.1614	-1.0271	-0.3426	-0.3602	-0.2359	-0.264	-1.0909	-0.9178	-0.863	0.9428	5.0396	-0.0981	-0.4624	0.8754	-1.1172	0.017	-0.2378	1.4071	0.0317
EIF4E|eIF4E	-0.1963	-0.1641	3.4125	0.3064	1.8577	0.8312	-1.3299	-1.2009	-1.3587	-0.3268	1.0619	0.7253	-0.1032	-0.5872	1.5296	-0.0423	-0.3739	0.3682	0.3257	0.2789	0.1172	-0.5922	-1.3225	0.9479	-0.5102	-0.336	-1.8801	-0.4292	-0.5977	-0.4257	1.4189	-0.4416	0.6344	0.3017	-1.812	0.5771	0.1382	0.1461	-1.5425	-0.9867	1.6597	0.0044	0.2855	0.3138	0.3129	-0.1299	0.3741	-1.2396
ESR1|ER-alpha	1.0242	-0.4949	0.1762	-0.4592	-0.1494	-0.6823	1.2189	-0.3911	2.1316	-0.7578	2.2778	-0.721	-0.7588	0.0167	-0.2819	-0.7244	2.4636	-0.9883	-0.9925	-0.6577	-0.5806	-0.8117	-0.8306	-0.5933	-0.0049	1.9423	-0.6661	-0.6697	-0.7126	-0.2349	2.2268	-0.2396	-0.1942	-0.8444	-0.8744	1.9445	0.386	1.2033	0.4009	0.6969	-1.478	-0.568	0.3629	0.6809	-0.5427	-0.1296	-0.5049	-0.6141
ESR1|ER-alpha_pS118	1.3634	0.4044	0.8203	-0.2081	-0.2671	1.297	-1.4487	-0.1313	-0.4597	-0.308	0.9302	-0.9297	0.2876	-1.2518	0.6726	-0.9771	0.9614	0.8724	0.5696	0.0088	-0.2619	-0.0328	-0.0166	1.7809	1.0299	0.1142	0.7713	0.1868	0.4647	-0.0189	-2.0233	0.828	-0.6199	-1.6823	0.4775	-0.9378	0.028	-0.2114	0.7075	2.4428	-2.306	-0.3379	-1.4111	-1.7166	0.431	-0.3514	-0.9387	1.3977
MAPK1|ERK2	-0.8367	0.3734	0.5291	1.1547	2.1464	-0.6185	-0.2443	-0.7401	0.1282	-0.4745	-0.3546	0.74	0.6384	-0.3602	0.1352	-0.792	-0.5551	-1.4847	0.4851	-0.1012	0.7805	-1.0422	1.4654	2.0532	-0.3603	0.335	0.9077	1.0253	-0.5494	0.4322	0.8543	-1.0723	-1.116	-1.7051	0.4505	0.3282	0.2502	-1.1394	-0.3003	-3.1924	1.6645	0.4334	1.1678	-0.0742	0.2089	0.3104	-0.625	-1.2596
FN1|Fibronectin	1.3603	-1.5463	2.1671	0.5792	0.1787	1.1	-0.616	-1.0543	-0.0017	-0.3659	-1.0447	-1.0484	2.0356	-0.3658	0.1186	-0.2935	-1.665	-0.6987	0.1137	-0.6758	-0.2131	-1.3443	0.824	-0.7674	-0.1446	0.6591	-0.0075	-0.4066	0.0707	-0.4084	-0.5956	-0.0722	-0.0378	0.6764	0.4404	-0.9199	-1.0222	-1.6068	-0.1518	2.9601	1.9398	0.2126	0.2857	0.9121	0.7083	-0.7336	1.1011	-0.6353
FOXO3|FOXO3a	1.4635	-1.1722	2.0254	0.4266	0.8198	0.2044	-0.1926	-0.1561	0.2028	-0.2498	0.1443	-0.2236	0.9608	-0.6721	-0.0013	-0.277	0.2212	0.1138	-0.2854	-0.117	-0.1681	0.0419	-0.3991	-0.2021	0.1717	0.0301	0.1042	-0.0435	-0.0816	-0.1564	0.071	0.9835	0.1133	-0.3443	0.2448	0.3615	0.155	-0.3893	0.3426	1.8263	-5.5989	0.277	0.2585	-0.0086	-0.7441	0.4476	-0.1437	-0.3847
GAB2|GAB2	0.0395	1.0865	-2.0943	-0.7652	-0.8031	0.0669	0.9711	0.0247	-0.7065	1.1686	-0.0204	0.0677	3.3422	0.5533	-1.4903	2.383	0.1327	-1.0924	1.7245	0.1944	-0.4882	-0.6369	0.0255	-0.6001	-0.6192	-0.3213	0.4428	-0.6901	-1.7587	0.6707	-0.9064	0.3914	-0.6901	-0.1258	-1.0235	0.1263	0.1949	-0.2468	-0.268	2.1283	0.4731	-0.2916	-0.4289	-0.9652	0.4604	0.4276	-0.1449	0.0824
GATA3|GATA3	0.8418	-0.9807	-1.2879	-0.0365	0.2716	0.2997	-0.419	0.0396	-0.1398	-0.5369	0.6559	-0.243	1.6166	-0.7645	-0.2079	-0.6449	0.2668	-0.1127	-0.7098	0.244	-0.4803	-0.0206	-0.8974	-0.2926	-0.6085	0.341	1.8497	-0.1028	0.0646	-0.2632	-0.6852	3.4164	0.1683	-0.7248	-0.5027	0.3337	1.2742	1.5564	-0.3256	0.5487	-3.5753	-0.0368	-0.598	0.1378	1.4654	0.7397	-0.0736	-0.8609
GSK3A GSK3B|GSK3-alpha-beta	0.4221	-0.5498	-0.4414	-0.1625	0.6399	0.83	-0.56	-0.3035	0.2008	-0.2936	1.1504	-0.0479	1.1394	-1.2369	1.7278	0.2278	0.6327	1.8013	1.5401	-0.6806	-0.7479	0.416	-1.3445	1.1046	0.4363	0.4432	1.1538	0.5217	-0.3375	0.0403	0.6731	0.59	0.5481	-0.1737	1.3917	0.2012	-0.6661	-0.4615	-0.6757	-4.0604	0.1251	-0.6892	-1.0052	-1.0655	-0.6851	-1.3743	-0.6151	0.2208
GSK3A GSK3B|GSK3-alpha-beta_pS21_S9	-1.1401	1.2351	-0.7116	0.6496	-2.4149	-1.1142	0.5289	0.094	-1.3217	0.5132	-0.4296	-1.0651	-1.3367	1.0059	0.9228	1.3758	0.0922	1.0358	0.6566	0.416	0.5605	1.1064	-0.1014	0.8656	-1.4062	-2.2976	-1.8605	-0.0842	0.2492	0.7939	1.3878	-1.6055	0.7786	1.0448	1.6358	0.7455	-0.1871	-0.2199	-1.1106	0.0471	1.1538	0.3084	0.0606	-0.0675	-0.166	-0.4161	-0.4219	0.2147
ERBB2|HER2	1.4385	0.9491	-3.3145	-0.069	-0.9783	0.5759	0.181	-0.3913	-0.801	0.5563	1.0145	-0.5102	-0.5081	0.6401	-0.9415	-0.458	2.8533	-0.7204	-0.1587	-0.3751	0.4912	-0.3322	0.3809	-1.0895	0.0615	-0.3646	0.0111	1.5374	0.1443	0.2203	-0.8429	1.6778	0.2862	-0.2579	-0.7702	0.1482	-1.0645	-0.183	-0.4478	-1.2207	0.5901	0.211	-0.4713	0.0268	-0.7078	0.2288	2.6757	0.0787
ERBB2|HER2_pY1248	1.8378	-0.664	0.8443	0.1747	-0.7858	0.5612	1.0859	-0.3593	-1.0593	0.9189	0.8265	-0.4836	-0.9614	0.5087	-1.1511	-0.9683	3.211	-1.0119	-0.7979	-0.4762	0.7219	-0.9598	-0.0189	-1.3759	0.0637	0.1416	-0.8747	0.8882	0.1376	-0.0968	-1.3158	1.9614	-0.1496	0.6236	-0.8891	-0.5305	-1.2664	-0.9679	0.142	2.5749	-0.5581	0.7061	0.1565	0.271	-0.3008	0.2989	-0.6229	-0.0103
ERBB3|HER3	-0.7809	-0.4247	2.5098	-1.4178	2.6123	0.6692	-0.5875	-0.9091	0.3197	0.4735	2.3873	-1.2455	0.3023	1.371	-1.2348	0.6626	0.7589	-0.5229	0.4601	0.6754	0.7289	-0.056	-0.2863	0.0486	0.1007	-0.9062	1.0364	0.3053	-0.7436	-0.8577	-1.4382	0.1292	0.0992	1.1042	-1.5662	-1.0415	0.3727	0.279	0.2067	0.5174	-1.3485	-0.969	-1.1255	-0.0309	-0.7053	-0.1024	-0.808	0.9782
ERBB3|HER3_pY1298	-0.2779	-0.5725	1.8632	0.6116	2.2737	0.3026	0.1717	-0.2092	0.4176	-0.2779	0.4025	1.0522	-1.2559	-0.9373	0.2183	-2.0323	-0.3676	1.3558	-1.8162	0.2748	-1.0416	-0.6684	0.3788	-0.0888	1.5928	-0.4082	0.5283	1.0771	0.0316	-0.2048	-0.8675	-0.7051	-0.2655	-0.005	1.457	-0.0376	-0.3554	-1.5313	-0.8526	2.6366	1.3399	-0.7629	0.5936	-0.7673	-0.8398	-0.6617	0.2038	-0.973
HSPA1A|HSP70	-0.4823	-1.0585	2.4135	0.4298	0.2029	0.3324	0.5818	-0.3302	0.0598	0.9741	-0.4651	0.9188	-0.1915	-0.3279	0.4515	-0.902	-1.4649	-1.0543	-1.2582	-0.2229	1.2269	-0.4142	0.6864	-0.7287	-0.127	0.8515	-0.7641	-1.6697	0.6069	-0.0983	-0.6493	-0.7486	-0.4032	-0.4197	-0.9551	-1.1632	-0.7871	-1.335	0.9486	2.0859	-0.3482	0.1834	1.7171	-1.228	1.7116	2.304	0.8429	0.0673
IGFBP2|IGFBP2	-0.8906	-0.6285	0.5147	0.6781	0.7067	0.8002	-1.2861	-0.878	0.1162	-0.6519	-0.3632	-1.3975	1.3098	-1.2887	0.045	0.7035	0.8509	0.994	-1.1847	0.029	1.3026	0.6114	-0.6426	-0.2557	-0.122	0.2984	1.2418	0.4984	0.0715	-0.4464	-0.5456	0.8363	-0.3586	2.0103	-1.1988	0.7208	-2.2157	-0.2874	-0.6063	2.8241	0.4736	-0.3483	0.1535	-0.8735	1.239	-1.8535	-1.2338	0.5274
INPP4B|INPP4B	1.099	0.9643	0.4688	0.4189	1.7715	-0.3542	-0.3477	-0.6083	0.4732	-0.005	0.0254	-0.0155	0.6088	-0.3902	-0.7203	0.9522	1.4257	0.2782	0.7143	-0.0367	-0.7233	0.135	-0.6716	0.5514	-0.2561	-0.1951	-1.1892	-0.3399	0.3311	-0.23	-0.0848	1.2223	-0.8133	-0.3038	-0.2768	0.6031	0.3838	-0.6188	-0.286	1.6558	-4.9356	0.38	0.3869	0.5122	-0.6875	0.646	-1.2148	-0.7034
IRS1|IRS1	1.4918	-0.2711	1.4573	1.2343	0.1924	0.7336	0.8066	0.0783	0.0049	-0.3749	-0.4279	-1.1684	-0.9778	-0.1572	-1.101	0.6081	-1.1009	-1.2452	-0.3909	-0.493	1.3221	0.3959	0.3221	-0.5428	-0.4419	-0.4032	0.278	-1.0135	-0.1451	-0.5547	-1.3671	-0.9374	0.2534	2.4971	-0.8592	-1.2059	-0.24	-0.6659	0.6321	3.6936	0.5731	-0.694	0.8455	-0.3132	-1.1587	0.5749	0.4485	-0.1926
MAPK8|JNK_pT183_Y185	0.0699	-0.8399	2.3687	0.3345	0.1827	-0.2239	-0.2	0.1595	-0.0465	1.0289	0.0969	-0.464	-0.108	1.0074	0.6896	0.2035	0.9165	0.0973	-0.952	-0.0319	1.3338	-0.9144	-0.0368	-0.332	0.0942	1.612	-1.0683	-0.0919	0.1098	-0.9916	-0.3059	0.0713	0.2224	0.1081	-0.3707	-0.5831	0.87	-0.457	-0.4292	2.7914	-3.9689	1.2338	0.1878	-0.6665	-0.6178	-0.3563	-0.8047	-0.929
MAPK9|JNK2	0.4856	1.1711	-3.4146	1.3291	1.8527	0.3894	0.7038	0.5329	0.0208	0.1113	-1.072	-0.1347	0.4241	0.5084	1.8702	0.458	0.2789	-1.1626	-0.1471	-0.131	-0.7062	-0.1652	1.6336	0.5317	-0.4492	-0.4743	-0.6617	-0.708	-1.5781	-0.6639	1.2448	0.6227	0.2658	0.5356	-0.6721	0.2814	0.1577	-0.1975	-1.0917	-2.1162	0.4218	0.7805	0.0965	-0.3754	1.3532	-0.2666	-0.2728	-1.6003
XRCC5|Ku80	0.919	-0.0573	-3.9467	0.1802	-0.0346	0.5209	0.118	1.4173	-0.1349	0.2594	0.2329	-0.1185	0.4647	0.0089	1.2808	-0.7065	-0.1235	0.7913	0.7117	1.0681	0.1088	-0.0984	0.3877	-0.2024	0.7704	0.4837	-0.4659	-0.4522	0.3293	0.7149	-1.0536	1.9586	-0.498	-0.9015	-0.7116	-0.3689	0.7874	1.0456	0.3909	-3.3151	-0.1649	-0.4732	-0.7237	0.846	-0.2799	0.4857	-0.6705	-0.7803
LCK|Lck	-1.6402	-0.5865	1.6018	0.3373	-0.589	-0.5333	0.5156	-0.6695	0.328	-0.5108	0.8984	1.4511	-2.088	-0.2827	-0.1847	-0.4309	0.8306	-1.2367	-0.8869	-0.1912	0.2952	-1.2934	-0.1548	-1.023	-0.3016	-0.1787	1.088	-0.5471	-0.7396	2.1938	0.9957	-0.1707	-0.5569	-0.3187	-1.7652	1.2463	2.6575	-0.7082	-0.3417	0.1988	1.1546	0.5359	1.3222	-0.4214	0.4657	0.4034	1.011	-1.1798
STK11|LKB1	-0.0961	-0.6005	4.153	-0.1581	0.6552	-0.1355	0.3287	-0.4052	-0.0401	-0.2428	-0.0935	0.2674	-0.0739	0.3494	-0.0066	-0.952	-0.5302	-1.0683	0.4733	-0.661	0.8256	-0.8556	-0.4915	-0.2619	-0.0227	0.1102	-0.6631	-1.1516	0.0689	-0.2548	0.5697	-0.4373	-0.4901	-0.7873	-0.4278	-0.8873	-0.1688	-1.1235	0.8073	3.8127	-0.0961	-0.6667	1.0973	-0.7556	0.3518	0.96	0.4715	-0.6971
MAPK1 MAPK3|MAPK_pT202_Y204	-0.578	0.0299	2.4223	0.3304	-0.1994	-0.2271	-0.959	-0.685	0.8262	1.3586	0.4764	-0.6678	-0.8536	0.5359	-0.4514	-0.7303	1.4996	-0.9645	-0.9149	-1.2415	0.945	-0.9268	-0.7441	-0.3723	-1.1707	-0.0005	-1.1275	-0.3554	-0.3921	-0.8414	0.1814	0.0329	-0.4334	3.4371	-0.5833	0.2807	0.0217	1.0205	-0.6582	1.6574	2.1039	0.2457	0.8765	0.0743	-0.984	-0.1061	-0.5844	-0.6036
MAP2K1|MEK1	-0.3813	1.0012	0.0107	0.4664	1.3369	-0.0226	0.5007	0.5089	-0.1045	-0.0423	-1.7472	0.9728	0.2491	-0.1656	1.7019	1.3425	-1.3453	0.1474	1.9298	0.9777	1.4501	-0.496	-0.1782	0.0874	-0.216	-0.4965	-2.9117	-0.7903	-1.6099	-0.193	-0.1439	-1.2164	-0.7972	0.7083	-1.345	0.3149	-0.1564	-1.7259	-1.1833	-0.2196	-0.1081	-0.6298	1.2392	-0.0824	1.247	0.7279	0.1381	1.2495
MAP2K1|MEK1_pS217_S221	-0.8622	-1.2288	3.413	0.6827	0.2749	-0.2428	0.3016	-0.4408	-0.175	0.5042	-0.2758	-0.2574	-0.4513	-0.3864	0.9537	-0.9277	-0.7161	-0.9954	-0.845	-0.742	1.8518	-1.0565	-0.5324	-0.7233	0.0027	0.3329	-0.1531	-0.6236	0.2879	-0.5619	-0.6051	-0.3911	-0.5708	1.2787	-0.022	-1.0046	-0.0921	0.1383	0.85	3.8477	0.6717	-0.6817	0.9474	-0.5763	-0.2809	0.1417	0.3766	-0.4348
ERRFI1|MIG-6	-0.3584	-0.6486	1.583	-0.319	0.2736	0.9847	-0.6751	-0.4099	-0.2382	-0.7649	-0.2646	-0.1869	0.6623	-0.1418	0.4967	-0.9471	-0.4013	-0.3743	-0.4523	-0.5254	-0.3833	-0.6607	-0.7894	-0.5068	0.1984	0.5508	-0.0588	-0.3696	-0.8115	0.4442	-0.2649	0.8098	-0.1194	0.7152	-0.1902	-0.4884	-0.0862	-0.5629	-0.4139	5.4051	0.0154	0.2019	0.5254	-0.0597	-0.2962	-0.6551	1.8621	-1.3037
MRE11A|Mre11	-0.3701	-1.3801	3.2775	0.4996	0.5859	0.0497	0.6422	-0.0043	-0.0724	0.1032	-0.1896	-0.2432	-0.4013	-0.3252	0.5222	-1.0568	-0.7026	-0.5321	-0.7453	-0.5134	0.783	-0.7327	-0.3252	-0.5139	0.4926	-0.2236	-0.4603	-0.6523	0.2424	-0.3814	-0.4485	-0.3784	-0.3468	-0.5622	-0.3714	-0.5071	-0.0419	-0.9415	1.2763	4.5579	-0.9273	-0.1113	1.2056	-0.6334	-0.1171	0.7192	0.593	-0.3374
MTOR|mTOR	0.7765	0.7409	-4.0603	0.118	0.4152	0.5338	-0.5372	1.1071	0.0621	0.2602	0.2587	-0.5199	0.3881	0.2407	0.1588	-0.2887	0.3636	1.5555	1.2613	0.6955	-1.3545	0.3683	0.0835	1.9045	0.444	-0.3102	0.247	0.3328	-0.2197	-0.395	-0.1638	0.1547	-0.554	-0.9702	-0.0516	0.465	0.7739	0.4608	0.4117	-2.6014	1.071	-0.0341	-0.7109	0.1898	0.6728	-0.6787	-1.8352	-1.2302
MTOR|mTOR_pS2448	-0.5472	1.741	-1.4032	-0.2651	-2.9916	-1.1117	-0.5987	0.1262	0.2613	0.6646	-1.5456	-0.4805	-0.8452	1.9306	0.0023	0.8155	0.8394	-0.6561	1.355	-0.0756	-0.2838	0.765	1.0311	1.0608	-0.6698	-0.6264	-1.6561	1.0862	0.9586	-0.676	0.3867	0.2422	0.2489	0.2293	0.2733	1.2163	0.4169	1.0437	0.0855	-1.544	1.2399	0.0772	-0.0952	0.5627	-0.2735	0.4033	-1.8751	-0.8427
CDH2|N-Cadherin	-0.7459	0.0457	2.4649	0.1289	0.9849	-0.1055	-0.0622	-0.4302	0.048	0.2489	-0.6273	0.7858	-0.4722	-0.9361	-0.016	-0.9067	-1.1633	0.0086	-1.1996	-0.5121	0.8908	0.0815	0.2706	-0.6117	0.7895	0.3627	0.3618	-0.7037	0.316	-0.6054	-1.2979	-0.3505	-0.381	-1.1894	-0.1064	-0.6784	-0.1828	-1.0725	1.376	4.4461	-1.43	-0.2357	0.6785	0.046	1.058	0.7385	0.1852	-0.2942
NFKB1|NF-kB-p65_pS536	-1.4101	0.3735	0.4432	0.506	-1.2507	-0.9742	0.3989	1.3966	-0.6269	1.281	-1.056	0.1457	-1.4292	1.901	-0.0555	3.1216	0.6333	0.8667	-0.9486	-0.8	0.3788	-1.5861	-0.3261	0.5748	-0.1216	-1.277	-1.5442	0.0784	0.399	0.1724	-1.2278	-1.2061	0.5144	-0.689	0.5526	0.4638	0.892	0.1109	-0.0407	1.7195	0.21	0.2934	0.272	1.0496	-0.729	0.5679	-1.1218	-0.8961
NF2|NF2	0.2582	1.3945	-1.9825	1.5908	0.2127	-1.1012	0.0266	-1.1505	0.2628	-0.349	-1.2169	0.8491	-0.1149	0.6538	0.5295	-2.3272	1.7452	-1.4115	-0.4494	0.3009	-0.4229	-0.8051	1.0702	1.9359	0.5422	-0.2231	-0.164	0.1361	-0.1358	1.2766	0.9331	0.0502	-0.6405	-1.4901	0.5664	-0.3401	0.4339	0.0886	-0.5554	-1.4294	1.7148	0.296	0.9021	0.0248	0.9557	-1.1953	0.3463	-1.5922
NOTCH1|Notch1	0.2028	-0.1466	0.2492	0.3853	-0.0278	2.651	-0.8757	0.1331	0.5101	-0.2173	0.2592	-1.23	-1.8171	-0.9042	-1.5713	1.6628	-1.2431	-0.8168	1.6346	-1.6531	2.3867	0.2651	-1.1295	0.3116	0.6845	1.0	0.4624	-0.6835	-0.4178	0.3758	-1.1712	0.1047	0.1036	-0.5287	0.3815	0.4195	-0.1596	-1.3819	0.0548	2.0962	-1.2129	0.3501	-0.4645	-0.0458	0.1899	0.3321	0.9687	-0.4771
CDH3|P-Cadherin	1.5352	-0.933	0.1356	0.497	0.6342	0.2958	-0.747	0.006	-0.1411	-0.0648	-0.0193	-0.3902	0.5766	-0.8759	1.7698	-0.6699	1.9479	-0.0232	-0.8058	-0.0625	-0.8281	-0.5462	-0.233	-1.2433	-0.4431	-1.124	1.3618	1.3337	-0.1459	-1.0239	0.1363	1.5628	0.5235	0.4481	-0.6538	1.0152	-0.5436	0.9948	0.3857	0.8406	-3.9923	0.7269	-0.6681	-0.3101	0.2926	0.1923	-1.2218	0.4977
CDKN1B|p27	0.8302	-0.6415	1.3438	-0.5069	0.708	0.418	-1.2234	-0.7568	2.3458	-1.054	-0.046	-0.1903	0.8995	-0.6064	0.2509	-0.6004	1.3989	-0.9471	-0.266	0.7818	-0.6607	-1.0281	-1.2605	1.7059	2.6964	-0.2493	0.0358	-0.8061	0.049	-1.1575	0.8967	-0.1607	1.5748	-1.069	0.189	-0.06	0.9663	-1.0467	0.9323	1.2534	-0.1953	-1.4724	0.3271	-1.1995	-0.2855	-0.0636	-0.8207	-1.2293
CDKN1B|p27_pT157	-0.723	-0.6927	2.5348	-0.0081	0.3713	0.6262	-0.6116	-1.5152	-0.5227	-0.2607	-0.9302	0.6312	-0.2412	-1.2297	0.8138	-0.9445	-1.0086	0.5182	-0.5155	-0.7524	0.3085	-0.6791	-0.1737	0.8352	1.1177	-0.3619	0.4879	-0.6768	2.4819	0.2181	-1.3276	-0.15	-0.3163	-0.9168	0.8051	-1.0359	-0.1375	-0.607	0.5304	3.7435	0.2473	-0.1135	-0.1908	-0.808	0.2387	-0.3716	0.5913	0.7215
MAPK14|p38_MAPK	-0.1074	-0.6934	2.0014	0.2408	-0.0206	-0.8962	-0.4632	0.4442	0.1156	0.7035	-1.6398	0.4682	0.4612	0.171	0.6939	-0.7017	-0.394	0.8247	-0.9139	-0.5545	0.0388	-0.0961	-0.082	0.2243	1.51	-0.3521	-2.4487	0.6598	1.2596	-0.3232	0.275	0.3664	0.9262	-0.3925	0.3026	-0.4066	0.8609	0.6568	0.6212	-4.0092	1.2436	-0.3286	1.8064	-0.4518	-0.2214	-0.7078	-0.4261	-0.245
MAPK14|p38_pT180_Y182	-0.3767	-0.3864	1.5572	0.1666	-1.782	-2.0372	-0.8852	0.6795	-0.5848	0.5323	-1.4656	-0.4578	-0.8503	1.1626	0.1331	0.5051	0.3934	0.4903	-1.1184	0.7782	0.8594	-0.0162	0.1687	-0.0595	-1.1467	-0.6632	-2.1332	1.0023	1.2836	-0.4578	0.6113	-0.6007	1.3795	1.2099	0.086	0.1357	1.2478	0.8871	-1.0939	-0.8922	2.5151	0.4507	1.4306	-0.0606	-0.7795	-0.491	-1.107	-0.2203
TP53|p53	-0.7855	0.027	-0.0236	1.5556	-0.6925	0.8912	1.1	-1.0699	0.5514	-0.3056	-1.4711	1.1848	-0.4127	0.3655	-0.2497	-1.4603	-0.4246	2.1985	-0.243	-1.168	-0.4081	1.581	-0.1975	0.4415	0.2624	-0.9182	0.4037	1.4498	-0.1123	0.0521	-0.9891	0.8988	-1.0086	-0.8419	1.155	1.4764	0.6202	-1.3054	0.1316	0.8509	-2.8422	0.0956	-0.3009	-0.7141	-0.7234	1.5114	-0.7677	0.6316
RPS6KB1|p70S6K	1.016	1.8579	-4.8828	-0.0235	-0.6076	0.4887	0.6689	0.0623	-0.8139	0.1511	-0.5665	-0.3872	0.3305	0.7679	1.4633	-1.0394	-0.3396	-0.1957	-0.3357	0.5648	0.1046	-0.3433	0.1242	1.6214	0.1869	-0.4042	-1.0599	-0.1763	-0.1463	-0.3168	-0.1093	0.0849	0.7459	1.963	0.8808	-0.7329	0.2736	0.129	0.1039	-1.3647	0.0516	0.156	-0.245	-0.298	0.8572	0.1019	-0.115	-0.2527
RPS6KB1|p70S6K_pT389	0.5036	0.474	1.6586	0.3368	-0.4561	0.0135	-0.3057	-0.3143	-0.2856	0.2027	-0.8542	-0.2259	-0.548	-0.0332	0.5587	-1.6334	-0.5973	-0.3378	-1.4197	-0.5718	0.6042	2.1204	-0.0855	-0.2795	-0.2307	-0.2071	-1.4398	-0.4059	-0.365	-0.7581	-0.8478	-0.0952	-0.1765	0.4219	-0.187	-0.3816	0.3888	-0.8913	0.9946	3.5683	-1.9759	-0.0877	0.3486	1.4465	2.5186	0.7584	-0.5532	-0.3671
RPS6KA1|p90RSK_pT359_S363	-0.5246	-1.1751	1.6955	0.033	-0.3071	0.4194	0.0113	-0.4383	-0.2523	0.0802	0.5308	0.0459	-0.6986	-0.3436	-0.1943	-1.0711	0.2035	-0.4442	-1.3333	-0.8011	0.5807	-0.8621	-0.0129	-0.0084	-0.4587	-0.7324	-0.9487	-0.6559	-0.2069	-0.251	-0.9437	-0.0004	-0.2818	0.6984	-0.2429	0.8402	-0.4233	-0.3171	0.9762	3.2791	-0.775	-0.1363	1.0849	0.1245	4.203	0.8961	-0.2308	-0.6308
SERPINE1|PAI-1	-0.4026	-1.2303	2.5512	-0.6711	1.4554	0.1601	-0.8713	-0.7493	-0.2317	-1.0714	-0.792	1.0675	-0.0933	-0.9693	0.2659	-0.2067	-0.535	-0.507	-0.777	-0.331	1.1978	-0.6003	-0.4504	-0.7691	-1.017	1.2635	-0.4293	-0.74	-0.6885	-0.4688	-0.2037	-0.0602	-0.3184	2.9064	-0.0006	-0.3402	-0.1598	-0.97	-0.6731	2.5499	0.7051	0.8389	0.7395	1.2485	-0.2843	-0.2192	1.7665	-0.8843
PXN|Paxillin	0.1169	0.6603	-2.951	0.4587	2.5822	1.5443	0.3959	0.0098	-0.2215	-0.058	0.5653	-0.3914	0.3761	-0.0906	-1.3122	0.7034	-0.0053	0.137	1.4967	0.2704	1.1684	-0.2989	0.7579	-0.235	0.3443	0.1283	-0.1525	-0.7167	0.0413	0.0226	-1.8657	-0.2391	-0.0394	1.1133	-0.2452	-0.192	-0.7481	-0.4705	0.2322	-2.0139	2.8794	-0.2311	-0.5034	-0.4601	-0.3085	-0.0137	-1.4796	-0.7613
PCNA|PCNA	0.2268	-0.2822	1.9024	-0.1146	0.3191	0.0799	-0.0648	-0.6835	1.1386	-0.421	0.3534	-0.0159	1.0659	-0.9992	2.9706	-1.6094	-0.5539	0.2333	-0.9353	-0.821	-0.1322	-0.6541	-1.0688	-0.0615	1.8291	-0.4756	1.0313	0.8792	0.315	0.2443	0.3282	0.0264	1.3448	-1.0762	0.7265	-1.7471	-0.0055	0.0026	0.0731	0.3229	-2.9125	-0.2742	-0.2714	1.0816	0.4564	-0.9013	0.4235	-1.2937
PDK1|PDK1_pS241	-1.0834	0.3856	-2.8361	1.3042	-0.0895	-0.1824	-0.9076	0.0661	0.1856	-0.5966	0.2472	0.2337	1.4446	-0.3629	2.0289	1.3169	-1.0529	0.2614	0.3217	-0.0357	-0.046	1.1371	0.7648	0.1364	-1.201	-0.3095	-0.2265	0.003	-0.0647	0.9713	1.6804	-0.3385	-0.3756	-0.9407	0.2652	-0.3216	0.4147	-0.6994	0.2631	-3.8656	0.0943	0.594	-0.0393	-0.2716	1.182	0.2457	0.2488	0.0502
PEA15|PEA15	-0.3668	0.7826	1.0521	0.7825	2.0108	-0.1305	-1.0827	-1.4441	0.5566	-0.8877	-0.3622	0.0352	-0.0086	-0.6475	-0.3383	-0.6192	-0.1371	-0.3288	-0.2287	0.1606	-0.5845	0.0552	0.181	1.5542	0.5552	0.9158	1.5281	1.0416	-0.6041	0.0003	0.9997	-0.5182	-1.327	-1.1595	0.625	0.2103	0.0641	-0.6343	-0.3932	-0.8757	2.5318	-0.3316	2.8941	-1.2107	-1.0879	-0.2703	-1.4056	-1.5518
PIK3CA |PI3K-p110-alpha	0.5712	-0.543	-1.6704	0.3461	-0.349	-0.7333	-0.7816	-0.706	0.2011	0.3764	-0.3968	0.6554	0.4552	-0.8529	-1.1278	-0.343	1.3626	1.0133	0.5623	-0.5535	0.0835	0.2608	-0.1874	1.8912	0.8586	-0.0529	-1.0251	1.2817	1.4408	0.2441	-0.9126	-0.1999	0.8724	-0.7834	0.1583	-0.4674	-0.4212	0.111	2.0984	-2.4566	-0.0949	1.8381	-0.0067	-1.5762	1.7711	-0.0634	-2.1708	0.0222
PRKCA |PKC-alpha	1.2672	-1.1305	-1.2668	1.7231	-1.5306	0.377	-0.5117	0.961	0.6763	-1.2661	0.0386	0.0361	2.6286	-0.9411	0.0743	-1.2578	0.5711	-0.3654	0.4043	-0.2929	-2.1466	1.4303	1.1936	0.0298	-0.7148	0.3365	0.2678	0.068	-1.6092	0.6857	-0.8735	0.9435	0.5024	-1.0815	0.3196	-0.5419	1.4447	1.7127	-0.7693	-1.1361	-0.4345	0.5168	0.2226	0.5434	0.0068	0.5269	-1.0228	-0.6156
PRKCA |PKC-alpha_pS657	0.8629	-0.8104	-2.297	1.5539	-2.228	0.1272	-0.3986	0.8722	0.8729	-1.0867	-0.1441	0.0482	2.2443	-0.7917	0.1448	-0.9523	0.776	-0.3246	0.4885	-0.4024	-2.1299	1.2822	1.3401	0.15	-0.8028	0.5218	0.0971	0.2252	-1.1993	0.7429	-0.6552	0.8102	0.5432	-0.945	0.6401	-0.1215	1.3142	1.6546	-0.595	-1.1339	-0.5443	0.6435	0.3982	0.5694	-0.0337	0.649	-1.04	-0.9362
PRKCD|PKC-delta_pS664	1.4365	-1.6373	-0.516	1.2774	-1.5149	-1.22	-0.6894	0.7033	0.2318	-0.5383	0.7332	-0.1298	1.3736	-0.149	-0.5295	-0.9494	0.6394	-0.0314	-0.6747	-0.8237	-0.542	0.2125	0.5097	-0.2634	0.503	-1.0897	-0.3665	-0.5035	0.1019	0.1031	0.102	0.537	1.2631	-1.2429	0.6116	0.3446	1.615	0.6875	-0.0353	1.7443	-2.9603	-0.9265	0.1453	0.5399	2.384	1.1218	-0.369	-1.2191
PGR|PR	0.6704	0.0732	2.9164	0.147	1.0325	-0.271	-0.1087	-0.2159	0.8396	-0.1326	0.2197	-0.8151	0.4072	-0.5256	0.2119	-0.3901	-0.5231	-0.2792	0.0519	-0.1381	-0.0685	0.1743	-0.3515	-0.0258	0.4666	-0.4028	0.64	-0.4901	0.1184	-0.2814	-0.5515	0.174	-0.1402	-0.7612	-0.5766	-0.5246	0.003	-0.6721	0.8884	4.0192	-3.4306	-0.5139	0.9865	-1.146	-0.6898	0.01	0.4112	-0.4356
AKT1S1|PRAS40_pT246	-0.9838	0.6484	0.1715	0.6732	-1.4867	-0.3021	0.067	0.1911	-1.6671	0.6017	-0.6852	-1.5867	-1.0854	0.8813	1.5525	1.6601	-0.9138	1.6849	0.4753	1.0549	0.6296	0.8306	0.0119	0.0557	-0.5593	-0.5116	-1.6124	0.0758	-0.0902	0.25	-0.3754	-1.4023	0.0606	0.1896	2.2488	-0.3549	-1.3151	-0.5193	-0.5159	2.3053	1.3735	0.9706	-1.1946	-0.3459	-0.0559	0.1041	-1.3636	0.1587
PTEN|PTEN	0.845	-0.4885	-2.8126	-1.3835	-3.1509	-0.3207	0.4263	0.5904	0.7244	0.0762	0.05	-0.1237	0.8237	0.1177	-0.2735	0.2942	1.1571	-0.4102	-0.4119	0.4133	-1.0437	-2.1464	1.0434	0.858	0.7968	0.6477	-0.5746	0.5148	0.1862	1.2504	-0.7246	0.795	0.4118	-0.1703	0.9672	0.0872	0.5416	0.7	-0.4501	-1.967	1.1842	1.2631	0.5772	-0.8017	0.6445	0.2147	-1.0236	0.0751
RAD50|Rad50	-0.1593	3.8557	-0.5881	-0.5998	-0.0132	-0.5257	0.6017	-0.0621	-0.4671	1.828	-0.4329	-0.6964	-0.489	2.246	0.1225	0.2954	-0.3006	-0.744	2.3868	0.919	2.1505	-0.3335	-0.4613	-0.5278	-0.2298	-0.4888	-0.5603	-0.7517	-0.1809	-0.6604	-0.2064	-0.2091	-0.1694	-1.1251	-0.607	-0.6842	-0.2145	-0.0808	1.4943	-0.6681	-0.5628	-0.3971	-0.8006	-0.6115	0.3684	-0.2784	-1.0167	0.636
RAD51|Rad51	-0.1468	-1.1028	2.2065	0.677	-0.0092	0.2466	0.9317	0.1135	0.2426	0.2301	-0.4182	0.585	-0.8208	0.0582	-0.0746	-1.2123	-1.3596	-1.077	-1.121	-0.6684	1.6207	-0.8199	0.4234	-1.3543	0.1217	0.13	-1.005	-0.3801	0.0704	0.0186	-0.5344	-0.4554	-0.6071	-0.1338	-0.3984	0.2543	0.3895	-1.1241	1.8316	3.4324	-1.9471	0.4793	1.487	-0.2196	-0.0084	1.5971	-0.0624	-0.0864
RB1|Rb_pS807_S811	0.0618	0.9274	-1.5715	-0.7466	-1.4148	-0.7997	-0.814	-0.2204	-1.0372	0.6052	0.0288	-0.3584	-1.1134	0.702	-0.6146	-0.1948	0.5249	1.8943	-0.5986	0.3016	-0.5085	3.2044	0.5505	-0.5981	-1.421	0.3966	-1.1602	1.1462	0.8148	0.3315	1.1851	1.0278	-0.1523	1.5907	-0.5978	1.1317	-0.8269	1.3886	-1.0554	-1.6935	-0.1812	-0.0362	-0.6352	-0.4385	1.2703	-0.3138	-0.4021	0.4201
RPS6|S6	0.4818	-0.451	-4.6243	0.0078	0.4158	0.592	-0.7715	-0.1887	-0.4062	-0.6583	0.4126	-0.1	0.4758	-0.6731	1.2406	-0.4735	0.06	1.4384	0.3917	-0.0251	0.4453	0.1843	-0.5369	1.4162	0.5217	0.3955	0.4731	0.9238	-1.1322	0.2728	-0.6788	0.6811	-0.0795	-0.6245	1.0605	-0.0929	0.7293	0.785	0.3003	-2.2079	0.7678	0.5901	-1.9127	-0.4099	0.5194	-0.0048	-0.2546	0.7238
RPS6|S6_pS235_S236	-0.3799	-0.7563	-1.5285	2.0177	-1.8973	-0.8704	-0.2912	-1.1657	0.4162	-0.7992	-0.7251	-1.5699	-0.3455	0.6764	0.1575	-0.908	1.0095	-0.0506	-0.0533	-0.7204	-0.3239	-0.8247	-1.0198	0.0709	-0.9399	-0.7505	-0.986	0.8317	0.0182	0.5569	0.34	1.1475	0.5251	0.9435	2.2933	1.4537	1.1827	2.0498	-0.6542	-0.7331	0.5325	1.9983	-0.1408	1.0421	-0.9507	-0.3232	0.3387	0.1057
RPS6|S6_pS240_S244	-0.4089	-0.8581	-0.2831	1.4129	0.0335	1.2195	-1.1927	-1.3048	-0.5119	-1.2003	0.0885	-0.0294	-0.8037	-0.7017	-0.2929	-0.1434	0.8977	1.2239	-0.8427	-1.1987	-0.8867	-0.4186	-0.4345	1.5309	-1.2621	-1.3464	-0.9447	0.5982	2.687	0.9556	-0.7076	1.2518	-0.0093	-0.0874	1.5227	1.3097	-0.4668	0.194	-1.0038	0.2674	1.4182	0.8467	-1.1611	0.2891	-1.2466	-0.4718	1.6104	0.8619
SHC1|Shc_pY317	1.4838	-0.8998	-1.563	1.1151	0.0088	0.4086	-1.3489	-0.1856	-0.2953	-0.2756	-0.1404	0.387	1.1183	-1.0556	-0.4255	-1.1561	0.9943	1.6342	-1.3181	0.2867	-0.8127	0.0868	-0.5933	0.1092	-0.409	-0.4004	-0.1708	0.0823	0.0588	-0.5145	-0.0376	1.1488	0.0407	1.9527	-0.0989	0.5261	0.4415	-1.3167	-0.0933	2.6135	-3.2048	0.8696	0.8309	0.7895	0.6476	-0.1181	-0.9459	-0.2546
SMAD1|Smad1	-0.3039	-0.8675	-1.3697	-0.8291	2.3371	0.3387	-0.8971	-1.566	0.1192	-0.4482	1.155	0.0999	1.5112	-2.0631	0.9813	-0.5624	0.8718	-0.5724	0.3382	-0.4472	-0.7572	0.191	-1.1557	0.9377	2.6978	0.7755	0.1962	-0.4927	-0.7361	-1.1331	1.078	0.3948	0.1681	-0.9519	0.7991	-0.5242	0.5554	-0.7138	0.0673	0.8588	1.3965	-1.4301	0.4329	0.5052	1.0612	-0.5428	-1.2268	-0.2768
SMAD3|Smad3	0.5989	0.4941	2.727	-0.6026	-0.0151	0.6692	-0.4696	-0.7181	-0.006	-0.0475	-0.6791	-0.3812	0.8588	-1.5557	1.2838	-0.9989	-0.966	0.699	-0.1143	0.2759	0.3771	0.0257	0.194	1.7278	1.1504	-0.6897	0.259	0.093	0.2304	-0.37	-2.4601	-0.8117	-0.5252	0.0037	0.113	-1.749	-0.2602	-0.9612	0.0697	3.1021	1.308	-0.3752	0.0875	-1.6401	0.0479	-0.1421	0.0669	0.0757
SMAD4|Smad4	1.3978	-0.13	3.7509	-0.4444	0.8256	0.531	-0.5107	-0.2876	0.3849	-0.4854	0.0479	0.3629	1.5754	-1.5882	0.2494	-0.7706	0.1703	0.2069	-0.1122	0.2123	0.3434	0.0483	-1.0571	1.4186	0.4131	-0.6083	-0.3228	-0.0284	-0.5288	-1.4531	0.7896	1.3176	0.1574	-1.1854	0.2325	-1.1429	-0.1341	-0.6043	-0.5574	1.459	-2.8544	-0.6545	-0.3665	-0.063	0.9008	-0.1029	-0.5252	-0.2776
SRC|Src	1.3571	-1.679	-2.2309	-1.3823	0.3848	1.7749	0.6343	0.4303	0.3063	-1.2292	-0.1454	-0.3614	0.0781	-1.5847	0.9366	0.8902	-1.979	1.0706	-0.4455	0.4164	-0.7541	-1.0403	0.9893	0.3249	-0.1835	-0.1573	1.1541	-0.06	0.577	1.36	-1.558	0.6451	0.484	1.3996	0.1574	-0.5823	1.6291	0.867	-0.1768	-1.4086	-0.9218	1.1248	-0.862	-0.3024	-0.6935	0.4233	-0.2816	0.6046
SRC|Src_pY416	1.947	0.3606	0.2983	-0.3762	-1.0198	-1.4432	1.2488	0.1772	-0.8328	-0.0713	-0.9435	-1.1862	-0.3218	0.5028	-0.0765	2.9999	0.9208	1.4069	-0.5184	0.483	0.3717	0.1882	-0.5791	-0.9487	-0.8271	-0.8147	-0.6816	-0.6674	-0.0915	-0.7843	1.1358	0.7567	0.1716	1.5943	0.7802	1.4637	-0.8101	-1.1456	-0.5316	-0.0721	-2.5805	-0.2505	0.5928	0.6956	1.1007	-0.5928	-0.6976	-0.3316
SRC|Src_pY527	0.0249	1.1559	0.0181	-1.2317	-2.9696	-2.2334	0.9537	0.9249	0.0868	0.9968	-1.6055	-1.0851	-0.0282	0.7338	1.0619	1.3669	-0.2264	0.7296	0.2337	0.685	0.0345	0.5293	-0.1025	-0.1892	-1.1147	0.4174	-2.856	-0.1152	0.2798	1.2904	0.3868	-0.3785	-0.033	1.9916	0.7731	-0.4278	-0.6652	-0.6831	0.6297	-0.5603	0.3738	0.006	0.4525	-0.2721	0.8472	-0.3139	-0.5014	0.6083
STAT3|STAT3_pY705	-0.2503	-0.8608	1.2382	-1.1879	-0.7913	-0.503	1.322	-1.5422	1.4196	2.1143	-0.7037	1.0979	0.5379	0.0107	0.6266	-0.2577	1.2215	-1.3731	-0.8505	-0.6649	0.4528	-1.125	-0.1635	-1.2884	-0.6061	1.6307	-0.975	-0.8614	-0.4928	-0.8776	2.0925	0.6672	0.6191	-0.3678	-0.2448	0.825	0.6513	1.8023	-0.5056	-2.0194	0.9221	0.1873	0.4171	0.3136	-0.0612	0.1779	-0.777	-0.9969
STAT5A|STAT5-alpha	2.2982	-0.0136	-2.6103	0.0489	-1.497	0.182	0.3221	-0.025	-0.0092	0.1585	-1.5085	1.0961	-0.1967	0.2132	-1.0813	-0.5636	0.4585	0.2998	-0.6109	1.1646	-0.0596	-0.5054	0.349	0.3302	0.6774	0.5978	-0.6378	0.464	-0.397	0.5591	-0.1461	-0.8951	0.0956	-1.3602	0.2745	1.3024	2.4147	-0.3978	-0.778	-1.8775	1.8939	-0.2144	1.4787	0.2966	-0.3767	0.9597	-1.3291	-0.8444
STMN1|Stathmin	-1.5596	-1.8369	2.6079	0.1181	1.1205	0.4244	0.3773	-0.7771	-0.5064	0.139	-0.0376	0.1215	-0.2606	-0.8254	0.9194	-0.1899	-0.4921	0.2945	-0.6788	-0.8518	0.4554	-0.7729	0.1337	0.606	0.4368	-0.3959	0.6856	-0.4752	0.6486	0.2605	-0.7408	-1.3463	-1.0163	-0.4578	0.3173	-0.8531	-0.78	-1.3845	0.408	3.9521	1.0284	0.4177	1.01	-0.817	-0.3153	-0.0592	1.1149	-0.1671
SYK|Syk	-0.0037	-0.8069	0.5363	-0.1563	1.2403	-1.1772	0.2276	-0.352	0.9504	-0.4235	0.8347	1.3022	-0.2937	-0.5199	-1.3242	-0.2958	1.7018	-1.1317	-1.679	-1.0863	-0.93	-0.2152	-0.0569	-0.3391	-0.2062	0.8152	-0.0668	-0.281	-0.9214	0.7888	2.4805	-1.007	0.1615	-0.3625	-0.2404	0.0459	1.858	-0.1648	-1.1744	-1.7613	2.3764	0.0441	1.3698	0.8149	-0.4684	1.0172	0.2713	-1.3911
TSC2|Tuberin	0.5679	1.1913	-4.2927	0.3364	-0.0867	1.3857	0.6764	0.8787	0.0427	0.4408	-0.2824	-0.3802	0.2547	0.063	0.2337	0.8626	-0.5738	1.5358	0.5879	0.9907	-0.5106	1.2891	0.2427	1.6856	0.1941	-0.0914	-1.5261	0.4618	0.0671	0.0603	-0.5104	-0.242	0.141	-0.6749	-0.2824	-0.1103	-0.0105	-0.723	0.394	-2.3733	0.4966	0.4325	-0.7247	-1.2123	0.4865	0.0618	-1.4036	-0.0499
KDR|VEGFR2	-0.1841	-1.1155	-1.9528	0.4287	1.5823	0.2414	0.0926	0.1452	0.9686	-0.5122	0.5495	0.6822	-1.5109	-0.1313	0.1497	-1.2788	-0.2453	2.0605	-1.7892	0.6365	-1.8848	-0.7896	0.7003	0.4157	1.3389	0.0021	0.5378	1.8789	-0.1705	-0.0893	-0.0899	-0.4239	0.1227	0.7385	1.8949	1.032	0.1782	-0.5412	-1.5635	-1.0366	1.8384	-0.3481	0.1665	0.086	-0.7771	-0.8606	0.1174	-1.2903
XRCC1|XRCC1	2.2935	-1.1528	0.0592	-0.4774	0.1169	1.8066	0.1692	0.4066	0.7173	-0.0206	-0.38	0.5377	1.1345	-0.5489	-1.1033	-0.7611	0.4708	0.706	0.1846	0.8931	-0.3337	-0.2152	0.3733	0.5163	1.5598	0.2927	-0.388	-0.1042	-0.4673	0.4182	0.2186	-0.0663	0.4682	-0.2195	0.0772	-0.9393	-0.2052	1.4093	0.3482	-0.9227	-1.2836	1.0602	-3.8616	-0.8376	0.4041	-0.1232	-2.3248	0.0939
YAP1|YAP	-0.412	-1.5365	-0.7152	-0.6771	0.9556	0.3909	0.5415	-0.3643	0.1486	0.5097	0.9944	0.9269	0.8511	0.3588	-0.5585	0.3075	-0.4279	2.6975	-0.6918	1.0189	-0.1507	-1.3019	-0.1271	-0.2519	0.1062	-0.6261	2.1161	-1.0164	-0.0926	-0.4985	0.1955	0.6783	0.2116	-0.71	-1.4534	-0.31	-1.3228	0.2833	-0.4085	2.0099	2.7739	0.0242	-0.698	0.3407	-1.7462	-0.9553	-0.9738	-0.4144
YAP1|YAP_pS127	-0.8958	-0.0667	-2.8629	-0.8545	-1.35	-1.2406	0.5236	0.7918	0.4536	1.3978	0.7986	-0.2282	0.1645	1.3496	0.4368	0.7119	-0.1456	0.9802	-0.096	1.0881	0.2094	-0.631	0.453	-0.3867	-0.9657	-0.4733	1.0963	-0.2846	-0.3683	-0.2972	0.9673	0.2441	0.1508	0.2191	-1.1057	0.4737	-0.2644	0.5945	-0.354	-1.5568	3.1119	0.6963	-0.0842	0.6848	-2.3711	0.0092	-1.0543	0.3308
YBX1|YB-1	0.7329	1.9286	-3.1128	-0.204	2.1456	0.9701	-0.9032	-0.366	-0.0112	0.7556	-0.7291	-0.8254	0.3668	-1.255	0.4521	0.3409	-1.7226	-0.0567	0.5149	-0.5224	-0.0731	-0.5385	0.6169	0.9104	0.4946	0.4856	0.9011	0.2967	-1.2009	-0.8395	-1.1761	-0.0106	-0.3959	0.1429	0.6036	-0.3452	0.4769	-0.2533	-0.3536	-2.1277	2.6598	0.7488	0.004	0.5961	0.3106	-0.0368	-0.2649	-0.1309
YBX1|YB-1_pS102	-1.1133	0.54	1.876	0.3146	-0.5976	1.5577	0.2392	0.0284	-1.5315	0.8385	-0.476	-1.0954	-1.4991	0.5441	-0.742	0.4085	-0.8206	0.8982	0.3378	0.5495	-0.3242	-0.6316	-0.9034	-0.2032	-0.1979	-1.1	-0.8545	-0.3357	0.3101	1.9397	-0.9121	-0.6909	0.005	0.6976	0.621	-0.4784	-1.6242	0.4229	0.1607	4.0763	0.5272	-0.0343	-0.2745	-0.55	-0.063	0.4562	-0.5237	0.2279
EIF4EBP1|4E-BP1_pT70	-1.7971	1.4568	0.0617	0.5015	-1.5052	1.3417	-0.6048	-0.7057	-1.2821	-0.2178	-0.4979	0.3877	-2.0745	0.0875	0.7844	0.0715	-1.8536	-0.3184	0.8063	-0.7699	0.5689	-0.0683	0.5459	-0.6137	1.7205	-1.1704	-0.08	1.5287	-0.1682	-0.0126	-0.7532	0.2069	-0.0597	-1.1779	1.1841	-0.3104	-1.5248	0.2151	0.0329	2.6656	0.2533	-0.18	1.0895	-0.1407	1.854	0.2744	0.3819	-0.1342
ARAF|A-Raf_pS299	-0.6586	-0.7939	0.7696	0.3868	-0.4288	-0.3622	-0.7784	-0.5778	-0.7344	0.252	-0.285	-0.3143	-0.2655	0.3454	1.4201	-1.1728	-0.5777	0.2147	-0.928	-1.0711	1.2377	-0.0038	-0.5802	-0.5445	-0.0454	-0.4599	-0.1364	0.3983	-0.0539	0.2897	0.5819	-0.2331	0.8863	0.424	0.6469	-0.765	-0.222	1.1287	0.5707	4.6011	-2.7642	-0.4271	0.8556	0.0666	0.2706	0.8161	0.0517	-1.0299
ANXA7|Annexin_VII	0.4717	-0.7703	2.0699	-0.5702	2.8118	-0.3343	-0.8871	0.1788	0.1547	-1.2424	0.9425	0.3877	0.4841	0.0006	0.4946	-1.1313	1.2564	-1.0415	-1.7931	-0.7872	-0.7607	-0.5853	-0.9372	1.3113	-0.0188	-0.8473	1.4928	-0.6263	-0.7981	0.3824	1.3943	0.5335	0.9364	-1.2338	1.0663	1.3205	0.4066	-0.7162	0.202	-0.8987	0.9821	-0.2116	0.8083	-0.3536	-1.2123	-0.8135	-0.0089	-1.5095
ARID1A|ARID1A	NA	NA	NA	NA	NA	NA	NA	NA	NA	NA	NA	NA	NA	NA	NA	NA	NA	NA	NA	NA	NA	NA	NA	NA	NA	NA	NA	NA	NA	NA	NA	NA	NA	NA	NA	NA	NA	NA	NA	NA	NA	NA	NA	NA	NA	NA	NA	NA
BRAF|B-Raf	-0.3105	-0.8836	-4.147	1.7076	0.8182	0.7193	-0.5218	0.9413	-0.3923	-0.7585	1.0924	0.1492	0.2711	-0.8469	-0.8505	-0.0912	0.2565	0.6622	-0.8588	-0.8528	0.5635	1.2886	0.0846	1.1004	1.3955	-0.1386	0.61	0.4166	-0.86	0.4641	-0.1142	0.4379	0.0283	0.5469	0.6673	0.9283	0.2238	-0.4325	-1.4301	-0.3246	1.0273	-0.51	-0.4297	0.9897	0.9449	-0.6762	-1.8487	-1.057
BAD|Bad_pS112	-0.4851	-0.0064	-2.1611	-0.1052	-3.5906	-0.0756	-0.2651	0.6257	-0.9201	0.1283	-1.5407	-0.961	-1.1772	0.8089	0.9254	0.4175	-0.5063	0.7777	0.2782	0.3795	0.2415	0.1836	0.5665	0.9166	-0.5871	-0.8788	-1.3503	-0.0544	1.4518	0.4886	-0.5824	-0.55	0.792	1.407	0.658	0.771	0.4597	1.0221	0.1094	-0.2734	2.5569	0.6809	-0.3237	-0.7678	0.056	0.5042	-0.8266	0.782
BAP1|Bap1-c-4	1.5477	0.3429	-3.3238	-0.5379	-0.1206	1.1051	-0.4153	0.304	0.248	0.5891	-0.1512	-0.3494	1.7405	-0.8654	0.6649	-0.5318	-0.3079	1.4778	0.2661	0.8691	0.2871	0.9437	-0.2925	1.6373	1.4547	-0.1012	0.4975	0.2118	-0.7704	0.2864	-1.4886	0.5659	0.6608	-0.107	-0.0123	-0.1298	0.1931	-0.0361	-0.358	-2.0262	-1.8647	-0.2597	-1.6203	-0.3295	0.992	0.1878	-1.6565	0.5827
BRCA2|BRCA2	0.8361	0.6385	2.7337	-0.2238	1.1798	-0.2514	-0.6311	0.0378	0.0698	0.4178	-0.4209	0.2096	-0.7817	0.1949	-0.4744	0.2271	-1.5569	-0.4902	0.3842	-0.3673	1.7831	-0.5037	-0.2484	-0.6211	-0.2816	-0.8382	0.097	-0.0545	0.2045	-0.4446	-1.5338	0.4746	-1.0041	-0.8002	0.1005	-0.4916	-0.5346	-1.7067	1.7766	3.5844	-1.2859	-0.3675	0.9094	-1.0015	-0.3176	0.297	0.1782	0.8985
MS4A1|CD20	1.5413	0.6186	1.37	0.255	0.2068	1.0387	-0.2914	-0.1533	-0.0029	-0.1421	-0.8477	-0.785	0.3834	-1.086	-0.3242	-1.5532	-0.2882	0.6405	0.2752	-0.2083	-0.4961	-0.276	-0.4077	1.0301	1.5589	-0.5588	0.3068	-0.2906	-0.2539	-0.7359	-1.3508	1.3931	-0.425	-1.5652	0.5535	-1.254	0.2435	-0.2971	0.4814	3.7384	-1.7242	-1.0196	-0.1852	-1.3366	-0.0552	0.2464	1.5589	0.4737
CCNE2|Cyclin_E2	1.2106	-0.1024	0.942	-0.1399	0.4434	1.2792	-0.4942	-0.8083	-0.0734	-0.2927	-0.5221	-0.005	1.5471	-1.3026	1.0389	-1.4656	-0.1265	1.6473	0.2975	-0.6783	-0.3428	-0.4108	-0.5657	2.6501	1.3369	-0.8794	0.1501	-0.3751	0.1375	0.1497	-1.4989	0.4166	-0.0689	-1.6643	1.3276	-1.0955	-0.3309	-0.935	0.2304	2.5255	-1.7105	-0.2647	-0.769	-1.1729	-0.0818	-0.316	0.2544	0.9086
ETS1|ETS-1	-0.2341	1.9592	1.3415	0.2509	0.6243	0.4336	-0.4221	0.1069	-0.1311	-0.0673	0.021	-0.3753	-0.948	-0.6701	-0.616	-1.6604	0.9103	-0.7108	-0.4161	-0.2421	-0.4542	-0.8677	0.2069	-0.9409	0.392	-0.1696	-0.024	-0.3323	0.0127	-0.7603	-0.5253	0.3563	-0.0353	-1.2418	-0.5361	-0.5284	0.2075	-0.292	0.6981	3.3434	0.6747	-1.1674	0.5142	-0.07	-0.5236	-0.1919	3.8948	-0.7941
EIF4G1|eIF4G	1.3732	0.1589	-0.4457	0.7908	-0.5353	-0.3826	-0.7829	0.0834	-0.8111	0.2551	-0.0146	-1.9755	0.0734	-0.5874	-0.9814	0.8166	0.0721	0.198	0.5365	0.505	1.094	1.249	-0.1015	0.277	0.7759	0.4225	-0.1401	2.1968	0.9806	-0.5327	-4.3128	1.2004	0.6704	0.3375	-0.0307	0.7411	0.269	-0.2691	-0.8099	-1.3541	-0.3421	-0.2367	-1.2846	0.0526	1.1936	0.0607	-0.5069	0.0533
FASN|FASN	0.9981	-1.1242	0.0545	0.1351	0.5824	-0.4425	-1.9649	0.223	-1.3593	-0.695	2.0743	-0.0134	0.6931	-0.375	1.1387	-1.4079	-0.8634	0.5755	-1.1261	0.7608	-1.3998	0.013	-0.6896	0.7879	-1.5455	-0.2238	0.7683	1.2047	0.9225	0.7756	1.0456	0.9475	-0.258	-0.3123	0.8755	-0.2009	1.1443	1.4573	0.0535	-1.219	-1.68	-0.1765	-1.6054	-0.0114	1.218	-0.8166	-0.6524	1.7135
FOXO3|FOXO3a_pS318_S321	-0.3965	-0.199	1.2124	0.3214	-1.8099	-1.6441	-0.4223	1.0622	-0.075	0.4742	-0.2901	-0.3617	-1.3675	1.5894	0.0611	1.398	-0.0876	0.9995	0.4516	0.2664	0.3403	-0.375	0.5055	2.4156	-0.3277	-1.6922	-0.3269	-1.0763	0.2074	-0.3678	-0.4855	-0.3765	0.0445	-1.3435	0.2352	-0.0533	-0.565	-0.3851	0.5792	3.4153	1.3244	-0.2015	-0.3215	-0.7845	-0.403	0.391	-1.6002	0.0445
FOXM1|FoxM1	-0.3929	-0.4082	-0.075	0.6295	-0.8322	1.4714	0.5836	-0.3306	-0.037	-0.797	-1.4192	-1.1957	1.6306	-0.9395	1.8791	-1.4142	0.6309	1.0933	-1.1061	0.0811	-0.8539	-0.3504	-0.4713	0.7763	0.6099	0.2779	-0.9967	0.9227	0.7116	0.0496	-1.7929	1.4398	0.2942	0.1828	0.9926	-0.9328	-0.4698	0.969	0.605	2.871	-2.0409	-0.992	-0.1461	-0.9277	-0.4567	0.0188	0.4435	0.2151
G6PD|G6PD	0.3584	-1.1207	2.2506	-0.2301	1.6783	-0.3403	-0.8851	0.1975	0.7761	-0.6233	0.945	0.3111	0.1074	-0.7796	0.1826	-0.5588	0.2759	0.2909	-0.6507	-0.4673	-0.3119	0.2105	-0.46	-0.6983	-0.2971	-0.4867	2.0404	1.141	-0.5595	0.0793	0.1033	-0.0631	-0.5074	-0.5817	0.2583	0.2029	0.6189	0.3273	-0.341	0.9769	-4.6129	0.6076	0.1733	0.6945	-0.2778	0.6671	0.6609	-1.2829
GAPDH|GAPDH	0.3296	0.1809	2.2081	-0.3286	1.3463	1.2036	-1.5787	0.5022	-0.8147	-1.565	0.9422	-0.0332	0.236	-0.1846	0.9761	0.002	-0.2349	0.4675	1.3546	1.1007	0.4559	0.6045	-1.2076	-0.1636	-1.0821	-0.0111	1.5609	0.0428	0.0184	-1.4066	0.966	1.1667	-0.3673	0.5546	0.3026	-0.4034	-0.022	1.2102	-0.4597	-0.9087	0.0959	-1.894	-1.0249	0.9187	-0.2641	-1.774	-0.4835	-2.5345
GSK3A GSK3B|GSK3_pS9	-0.6407	1.244	-2.3344	0.5526	-2.498	-1.127	0.2606	-0.0764	-1.4776	1.2781	-0.4502	-0.6735	-1.1824	1.04	0.7161	2.1207	-0.0725	0.5619	0.9005	0.9404	0.8109	0.822	-0.1332	-0.1497	-0.9932	-1.5213	-1.6573	0.2709	0.2455	0.1848	1.3947	-0.7545	0.8028	0.8468	1.7395	0.372	-0.3796	0.3643	-1.2747	-1.1244	0.7002	-0.0044	0.539	-0.148	-0.1932	-0.1246	0.0117	0.2705
NRG1|Heregulin	-0.671	1.4775	3.0821	-1.0017	-0.1117	0.1108	0.4115	-0.7193	0.2947	0.7123	0.0386	-0.7547	-0.3272	1.2373	-0.2887	1.1488	-0.5915	-0.8679	2.0159	0.1611	1.0489	-0.2783	-0.9814	-0.3846	0.2478	-0.0221	-0.8384	-0.6852	-0.2573	-0.5896	-0.6022	-0.7958	-0.8369	-0.6254	-0.9872	-1.0502	-0.8558	-1.0511	1.3796	1.9838	-1.7879	0.2573	-0.2841	-0.9616	0.5255	0.1024	1.5083	1.4647
MYH11|MYH11	1.2218	0.5697	0.4739	-0.6266	-0.0254	-1.1334	-0.602	0.4257	2.1964	-0.3146	1.7037	-1.3889	-0.2726	-0.0339	0.1109	-0.0431	0.9424	-1.1751	-0.2163	-0.6907	-0.3612	-1.0184	-0.4836	-1.0417	-0.2872	1.4582	2.4548	-0.414	-1.2725	-0.9769	-0.8357	1.7084	-0.2654	-0.3631	-0.9268	-0.3197	1.9855	1.1544	-0.3176	-1.362	1.6694	0.1	0.2807	0.2754	-0.8612	0.5314	-1.2119	-0.421
MYH9|Myosin-IIa-pS1943	0.9096	0.3094	-0.6954	1.0497	0.1143	-0.7201	-0.4595	0.2569	-1.6459	0.1765	-0.6829	0.1844	0.1819	0.0915	0.124	0.0316	0.9194	-0.8325	-1.47	-1.2572	-2.6068	-0.2234	-1.0794	0.4784	-0.8609	1.7172	-0.1	1.0991	-0.3472	-0.5798	0.4188	1.0596	0.6105	1.2373	1.2694	0.8445	1.2952	0.6945	-0.5244	-1.9591	2.157	-0.008	-0.4341	1.5348	-0.0689	0.1625	-0.6127	-1.76
NRAS|N-Ras	-0.9564	-1.7771	3.3597	0.0652	1.362	0.5029	0.1179	-0.5572	-0.3436	0.1503	-0.2218	0.7302	0.2011	-0.8292	0.2981	-0.3625	-0.9069	0.2365	-0.0149	-0.523	0.8071	-0.4303	-0.4398	-0.0875	0.8211	-0.4876	0.0626	-0.5441	0.281	-0.102	-0.6239	-0.9014	-0.5357	-0.7795	0.188	-0.7567	-0.4342	-0.7298	0.749	4.0094	-1.9555	0.3459	0.5043	-0.5402	0.4333	0.4891	-0.1014	0.2275
NDRG1|NDRG1_pT346	-0.1434	-0.1308	0.5764	0.6971	-0.6819	-1.0063	-0.886	-0.5651	-0.4753	-1.1337	-1.0184	-0.2151	-0.2394	-0.6854	-0.6875	-0.3364	1.4784	-0.5058	-0.1	-0.1043	-0.3618	0.9803	0.5229	-0.7533	-0.5674	-1.2609	-1.0254	0.002	-0.2343	-0.9041	2.0981	-0.0214	1.6872	1.4946	1.9148	2.4486	-0.6028	-0.9968	-0.997	1.4134	-1.0575	-0.3599	0.9735	2.331	-0.3167	0.2875	0.5011	-1.033
CDKN1A|p21	-0.3959	1.2115	1.3746	-1.1281	-1.4682	-1.1781	1.0009	0.6047	-1.4671	1.0167	-1.504	-0.2124	-1.8945	1.0461	-1.6465	0.9447	-1.0454	0.0612	1.8205	0.6745	1.5955	0.6322	0.5005	-0.2377	-1.3427	-1.3525	-0.016	-1.4776	0.9649	-0.0996	1.6671	-0.8035	0.3829	0.6018	-0.5277	0.0587	-1.4552	1.195	0.5649	-0.1393	-0.188	-0.4554	0.1871	-0.113	0.6196	0.6624	0.6493	0.1113
CDKN1B|p27_pT198	0.2229	-0.7142	1.8191	0.8613	-0.4809	0.0268	-0.5399	-1.2232	0.0529	-0.6704	-1.2033	-1.3022	0.1728	-1.1296	0.604	-0.6697	-0.4499	-0.0073	-0.1776	-0.392	0.5907	-0.0918	-0.6523	0.4025	1.3381	-0.4484	0.6349	-0.2121	0.3313	-0.2356	-2.2177	0.2167	0.497	-0.5664	0.9236	-0.4557	1.3293	-0.4856	1.3345	3.8731	-1.5057	0.5653	0.2602	-1.5074	0.2234	0.8715	0.6343	-0.4473
RPS6KA1|p90RSK	0.0517	-2.2213	0.0973	-1.3664	0.3185	0.3539	-0.6671	-0.0303	-0.6119	-0.531	2.1327	-0.122	-0.1561	0.0118	1.5631	-2.3563	0.7851	1.1544	-2.324	-0.9456	-1.0906	0.5712	0.4996	1.398	0.5713	-0.4859	0.6508	1.4202	0.3027	0.5976	0.3899	-0.1846	0.5617	-0.9759	0.4242	0.6134	1.1476	-0.6234	0.0221	-1.5799	1.3777	0.2106	0.9411	0.5135	0.1056	-0.5778	-1.3769	-0.5602
PDCD4|PDCD4	0.3364	-1.0839	-0.6876	-0.8435	-2.6851	0.2476	-0.135	0.1341	-0.0008	-0.6592	-0.1552	0.0996	-1.2763	1.0516	-1.5852	-0.9361	0.7385	1.8413	1.0611	0.228	-0.2164	0.6925	-0.057	0.0024	0.6285	0.7135	-0.5533	-1.6179	1.0224	0.8505	-0.126	-0.4547	1.7138	-0.2326	-0.6835	0.8624	0.9992	2.2935	0.3647	-1.2047	1.4747	0.1528	1.3404	-0.1695	-1.1645	-0.0192	-1.364	-0.9383
PDK1|PDK1	-0.491	3.1464	-0.3744	-0.1709	0.17	-0.5033	0.109	-0.3687	-0.6018	1.6489	-0.3908	-0.2461	0.2967	2.8658	0.1741	0.4965	-1.2162	-0.2725	2.6263	0.3396	2.0624	-0.1445	-0.2206	-0.4699	-0.2591	-0.731	-0.4485	-0.6179	-0.3581	-0.2622	0.1297	-0.7642	-0.9011	-0.9731	-0.6046	-0.8177	-0.5481	-0.7881	1.7385	-0.8098	-0.5721	-0.4404	-0.516	-0.717	0.8818	-0.6025	-0.1461	0.6624
PEA15|PEA15_pS116	-1.0287	4.4155	-0.9813	-0.5635	0.3279	-0.0797	-0.3095	-1.2626	-1.0932	-0.5021	-2.1266	-0.5525	-0.3414	-0.17	-0.2702	0.2223	-0.6607	-0.4503	0.1849	0.4654	0.5793	0.4565	0.2366	-0.0824	0.8818	0.4633	0.3273	0.2624	-0.1287	-0.4641	-1.3096	-0.4362	-0.6156	-0.9185	-0.4603	-0.3097	-0.4585	0.4053	1.0742	2.5971	0.0054	-0.4059	0.4411	0.4147	0.7005	0.2866	1.4372	-0.204
PIK3R1 PIK3R2|PI3K-p85	-0.534	-1.6322	1.9107	1.87	0.1607	-0.841	-0.3781	-1.0668	-0.2331	-0.0731	-0.6539	0.8454	-0.9695	-1.3188	0.4318	-0.598	0.9473	0.1452	-0.1295	-0.4627	-0.2152	-1.6393	0.1408	0.9696	-0.381	-0.3853	-0.8936	0.6816	0.0373	0.6231	1.8625	-1.1872	0.0378	-0.2673	0.6091	0.9716	1.7057	-0.6922	0.8121	-2.2698	1.7015	0.8827	1.2342	-0.4695	0.656	0.529	-1.335	-1.1395
PRKCB|PKC-pan_BetaII_pS660	-0.1539	-0.376	-2.6858	0.0672	-2.457	-1.5415	-0.8545	-0.0632	-0.3467	-0.255	0.3207	-0.4238	-0.0238	1.4813	-0.1686	-0.6465	0.632	0.9291	-0.8085	-0.1672	-0.4476	0.4477	1.2196	0.2396	-0.751	-0.1656	-1.0076	0.5196	1.2676	1.0648	0.2918	-0.2774	1.2748	0.6345	0.9942	0.5991	1.4394	1.3945	-0.4021	-2.4708	1.9714	0.3401	0.4579	0.5996	0.0407	-0.2807	-1.1304	-0.3222
PRDX1|PRDX1	0.33	-0.5888	2.5627	-1.2181	1.6791	0.5292	-1.3443	0.6469	-0.2921	-1.864	0.9779	1.5506	-0.8707	-0.0717	-0.0702	0.8463	0.3192	1.9382	0.8376	-0.459	-0.2457	-0.6286	-1.3877	-0.0824	-1.3973	-0.0018	1.6022	-0.1204	-1.9645	-0.597	0.5248	0.1382	-1.2203	-0.7941	-0.0681	0.1946	1.7159	0.9181	0.7206	-0.395	-1.1791	0.1122	0.0963	-0.2935	-0.5597	0.5384	-0.8981	-0.1667
RAB11A RAB11B|Rab11	-0.6166	-0.0401	2.8103	1.2605	1.0824	0.0229	0.4364	-0.6573	-0.1445	-0.3117	-0.2106	0.0593	-0.3949	-1.1655	0.5036	-1.4853	0.1237	-0.8929	-1.1886	-0.9418	0.4424	-1.0172	0.1955	-0.3535	0.7119	-0.6891	1.0923	-0.2667	-0.2035	0.1722	-0.3864	-0.4208	-1.1731	-0.3332	-0.3597	-0.086	-0.8251	-0.5136	0.8929	4.4732	0.2819	-0.4225	0.6813	0.579	-0.2607	0.2306	0.011	-0.7022
RAB25|Rab25	0.1247	-1.1405	0.9135	-0.5811	-0.276	-0.2892	-0.7702	0.6137	1.5737	-0.8606	1.8219	-1.6074	-0.3869	0.7455	-1.0432	-1.2021	2.1651	-1.271	-0.8851	-0.7078	-1.2162	-0.6762	0.9174	-0.8358	-0.5401	-0.3563	2.0794	1.2884	0.3075	-0.8815	1.2569	1.7899	0.8251	0.7074	-0.6309	1.0944	0.4057	-0.0332	-0.4041	0.3915	-0.6367	-0.5764	-0.5163	1.532	-1.0461	-0.4585	-0.9637	0.2394
RPTOR|Raptor	0.8483	-0.2389	-1.6337	-0.3704	0.9268	0.6371	-1.2341	-0.0115	-0.2059	-0.0068	-0.5335	-0.5686	0.2201	-0.2562	1.0836	-1.7063	-0.8973	0.9506	1.2648	0.5108	-1.5717	-0.072	0.5427	1.3632	0.2642	0.4539	0.6148	-1.1018	-0.6951	0.5553	-0.8173	-0.9519	-0.6436	0.3408	-0.0514	-0.9754	-0.1757	-0.4836	0.4186	2.4391	2.5607	0.4415	-0.6204	-1.5419	0.2938	-1.0415	2.3185	-0.6427
RBM15|RBM15	0.0933	1.0215	-4.4048	-0.5971	-1.4831	0.2322	-0.7838	0.1665	-0.1095	0.1191	-0.9965	-0.6582	0.7556	0.2487	0.968	1.0573	0.4265	1.2867	1.1919	-0.0262	0.4919	0.4546	0.0563	1.4193	0.7294	0.1424	-0.7144	0.1676	-0.6839	-0.0817	-1.1409	0.8149	0.5939	-0.2034	0.1844	-0.039	0.6226	0.8702	0.0677	-2.4598	0.2057	0.4482	-0.3739	-0.6932	0.5162	0.0741	-1.0212	1.044
RICTOR|Rictor	0.535	-0.1758	-1.1037	0.4515	-0.2842	0.2413	-0.3885	0.3572	2.2782	-0.7705	0.4255	-1.6313	-0.0003	-0.2457	-0.7956	0.1434	-0.1977	-0.5668	0.7298	-0.3642	-0.9132	-0.3265	-0.419	0.7786	0.1284	0.8254	2.7535	0.8771	-0.1223	-0.2204	-2.0025	1.682	-0.4857	-0.0155	-0.2723	-0.2432	2.7932	0.5648	-0.3155	-1.1655	1.7909	-0.5795	-0.8884	-0.1247	-0.2871	0.0485	-1.6371	-0.8614
RICTOR|Rictor_pT1135	-0.851	-0.4738	2.3731	0.8067	-0.1214	-0.5639	0.9751	-0.0073	-0.7753	-0.0056	-1.5697	-1.6163	-0.3164	0.8733	0.6845	0.6828	-1.1351	-0.1451	-0.0017	0.3756	0.427	-0.4259	-0.54	-0.8088	0.2181	-0.3346	-0.2913	-0.6207	0.3002	-0.0293	-0.5145	-0.8343	-0.0762	-0.0272	-0.4525	-0.2141	-0.7554	-0.307	0.7975	4.3353	0.977	-0.6142	1.5264	-0.5949	-0.44	-0.3201	1.4013	-0.9702
SCD1|SCD1	0.4463	-0.4	0.8647	-0.0003	0.5398	0.3141	-0.4269	-0.6226	-0.3237	-0.2627	-0.2224	-0.2777	0.5335	-0.2166	0.1309	-0.1466	-0.3196	0.5452	0.9186	0.0745	0.4205	0.0505	-0.0483	0.629	0.1199	-0.3479	0.4133	-0.0483	0.7219	-0.0534	-0.4466	0.4592	0.1899	-0.5722	0.5346	-0.0451	0.1671	-0.0958	0.2406	2.1116	-6.0442	0.1111	-0.1707	-0.3252	0.1205	0.514	0.1323	0.1134
SRSF1|SF2	1.0431	1.143	-2.221	-0.4947	-0.7839	-0.2445	-0.1471	0.9387	0.0509	0.5337	-1.9799	-2.7986	0.1576	0.669	-0.4403	0.2575	-0.1819	0.3782	1.7869	0.4883	0.7256	0.6581	-0.1348	1.2057	0.1676	-0.3944	0.4909	0.0513	0.7552	-0.9291	1.4463	1.0539	0.7744	-0.418	-0.1025	0.2807	-0.3161	0.813	0.306	-1.4737	-2.9402	-0.4696	-1.0569	-0.3549	0.7795	0.348	0.0877	0.4912
WWTR1|TAZ	-0.6981	-0.1761	2.0432	1.1009	1.62	1.3818	0.7251	-1.1199	0.1656	0.2451	-1.0684	-0.498	-0.7543	-0.4382	-0.5908	0.986	-0.8747	-1.5868	0.7685	-0.199	1.0297	-1.2113	-0.1376	-0.9304	0.4636	-0.1607	-0.9774	-0.0509	0.4733	-1.0985	-0.8146	-0.7038	-0.5501	-0.1728	-0.2101	-0.0656	-0.9994	-0.8214	0.2947	3.3279	2.279	-0.6237	0.4715	-0.9371	-0.0701	0.6829	0.7984	-0.3173
TIGAR|TIGAR	-0.5569	-1.3249	0.5759	-0.6555	0.345	1.5142	-1.2636	-0.6897	-0.9144	-1.5614	0.1913	-0.5258	1.0915	-1.4425	0.8452	-1.0215	-0.2117	-0.604	0.4044	1.426	-0.7614	0.2158	4.263	-0.3264	-0.1688	0.3112	1.0722	0.8627	0.5818	0.1348	0.5355	0.9233	-0.1189	-1.1397	-0.6802	-0.9721	0.5697	1.3415	0.0309	0.2763	-1.0173	-0.0429	0.2807	-0.087	-0.2649	-0.1912	-0.3911	-0.8594
TGM2|Transglutaminase	0.1642	-0.248	-0.5191	-0.9674	1.6438	-0.6935	-0.5824	-0.1473	0.9732	-0.8978	0.8871	-0.635	0.8766	-0.9488	2.145	-0.7701	2.7908	-1.0053	0.4404	-0.5996	-0.3348	-1.1205	0.4319	-1.1738	-0.7563	0.8932	1.5422	0.2108	-0.6665	-0.8927	0.385	-0.0338	-0.4328	-1.1783	-0.7775	-0.5223	1.1987	0.3663	-0.4612	-0.4806	0.0825	-0.1332	-0.0228	3.0365	-1.0219	0.8413	-0.5682	-0.3178
TFRC|TFRC	0.2808	1.2284	1.0266	-0.3885	-0.3651	-0.8069	-2.0624	-1.2349	-0.0272	-0.6889	0.1627	0.4149	0.4369	-0.1145	1.5041	-0.46	-0.4175	1.2459	1.963	-0.2157	0.1677	-0.5705	-0.1888	-0.849	-1.3754	-0.5865	-0.3853	1.8973	0.3029	-0.9893	-0.1081	0.9934	0.2983	-0.7491	1.4716	1.6516	-0.3913	0.6134	-0.1806	0.1314	-1.7296	-1.7278	-0.8976	2.4333	0.047	-1.1058	-0.2705	0.6158
TSC1|TSC1	0.1719	-0.284	-2.9461	0.2142	0.7973	0.4703	-0.2844	-0.5375	0.3384	-0.4872	-0.6752	-0.3621	-0.2591	-0.2683	1.2111	-0.3458	1.1095	-0.5526	1.2662	-0.248	0.2297	-0.2325	0.4341	0.1431	1.1909	-0.4006	0.8974	1.2773	-0.4923	-0.6145	0.2159	0.6815	0.7017	-0.1122	0.1815	0.8467	0.0729	0.7861	-0.0577	-3.8314	1.7632	0.5806	-0.5096	-1.217	0.5907	-0.3841	-1.9122	0.8422
TSC2|Tuberin_pT1462	-0.4777	1.3347	-1.1226	1.129	-1.0825	-0.67	1.1509	1.6776	-1.0871	0.9188	-0.5417	-0.9357	0.0299	0.7749	0.1781	2.6456	-0.326	1.3285	0.4945	2.0076	0.2596	1.1018	-0.9408	0.0994	-1.4158	-1.7997	-0.9637	0.0095	-0.539	-0.0028	0.8497	-1.1274	0.887	0.0374	0.9768	1.1474	-1.2065	-0.8836	-1.3258	0.443	-0.0521	-0.3877	-0.5235	-0.6323	-0.0404	-0.075	0.0918	-1.414
VHL|VHL	1.9142	-0.5414	-1.0773	-1.0653	1.4895	-0.0937	-1.1398	0.2308	-0.6524	-1.1644	1.8053	-1.6805	-0.447	0.7891	-0.2874	-0.8646	0.3546	1.1534	-0.7659	-0.0258	0.2959	0.2131	0.1638	-0.7871	-0.0588	1.835	0.2757	0.1773	-0.0598	-0.0152	1.2015	1.6155	0.6703	-0.2557	-0.8717	1.3885	0.0621	0.1465	0.7206	-1.0825	-1.7722	-0.7247	-0.819	2.3672	-0.6271	-1.2187	-1.1786	0.4068
XBP1|XBP1	1.2371	1.3152	-1.2492	0.5183	-1.2101	-0.0725	0.142	0.7168	-0.157	-0.1205	0.2023	-1.5657	-0.221	-0.0383	-0.6068	0.3121	0.1073	-0.1213	-0.3343	-0.008	-0.7883	-0.0285	1.2883	-0.4882	-0.6472	-0.7219	-0.417	-0.3731	0.9014	-0.1356	-0.7925	0.0356	0.386	-0.8556	-0.9328	-0.1444	-0.3926	-0.4177	0.0954	0.7666	0.1135	-0.4064	1.1708	-1.1639	-0.8289	1.6125	4.8308	-0.5131
TUBA1B|Acetyl-a-Tubulin-Lys40	-0.5571	-0.5323	-2.4612	-1.7576	1.7872	-0.3022	-0.8565	1.5451	-0.3515	-0.023	1.8828	-0.6192	1.4654	-0.4703	0.4665	1.5601	0.3099	-0.1373	-0.0267	0.1668	-1.4222	-0.9875	-0.5242	1.4359	0.3341	-2.1115	1.6252	0.5003	0.6714	0.1269	0.2039	0.2886	0.8603	0.0291	-0.2293	0.5807	-1.1734	0.7228	0.4034	-1.4183	0.4614	-1.3334	-1.1717	0.071	0.374	0.0155	0.7186	-0.1405
SQSTM1|p62-LCK-ligand	0.2705	-0.3419	-2.4731	0.0659	1.0997	-1.0969	-1.2662	0.5041	-0.3946	-1.1308	0.0948	0.9062	-0.2979	0.5952	1.8953	-0.4584	2.042	-0.4072	0.4258	-1.161	-0.7877	0.5282	0.1388	1.6668	-1.5166	-0.0455	-1.4501	2.131	-0.8334	0.1226	-0.5813	0.8717	0.1331	0.5049	0.8897	0.3541	1.4885	-1.1462	0.2477	-1.2325	-0.5336	1.2803	0.3227	-0.0364	-0.2328	0.6348	-0.5746	-1.216
YWHAB|14-3-3_beta	-0.0198	-0.3168	3.072	0.0287	0.7237	0.051	-0.0269	-0.3311	-0.9813	0.0639	-0.8508	-0.2611	-0.4691	-0.1682	-0.1056	-0.4772	-1.6703	-0.4149	-0.7839	0.0909	-0.0747	-0.6612	0.0471	-0.6275	0.388	0.8106	-0.0291	0.1014	0.657	-0.0144	-0.7002	0.0537	0.4353	-0.7868	-1.2729	-0.8974	0.01	-0.2926	1.6966	3.9167	-1.9689	0.6456	1.0196	-0.7532	-0.0662	1.2397	0.4493	-0.4784
YWHAZ|14-3-3_zeta	-0.1195	-0.1731	4.4939	1.1721	1.82	-0.2994	0.6832	-1.4868	-0.0306	-0.5522	-0.3804	0.9753	0.2168	0.3449	0.0305	0.8447	0.4025	-0.0313	0.553	-0.4769	-0.4933	-0.951	-2.3386	0.2521	-0.8994	-0.1141	0.8793	0.2604	-0.6856	0.1245	-0.6438	0.138	-0.4515	-0.1261	0.4418	0.9646	-0.5271	-1.4148	-0.0978	-1.3305	0.8198	-0.5098	-0.8148	0.0652	-0.421	0.2295	-0.7931	0.4503
ACVRL1|ACVRL1	-0.1641	-1.8005	3.7077	-0.1153	1.1622	-0.5742	-0.3295	-0.436	1.0956	-0.0656	-0.2643	0.1934	-0.3186	-0.5103	0.3231	-0.5524	0.0717	-0.7332	-0.601	-0.104	0.8016	-0.5961	-0.9154	-0.5582	-0.3367	-0.629	1.2148	-0.1004	0.1588	-0.3493	0.4511	-0.186	-0.7463	-0.8918	-0.482	-0.4801	0.7016	-1.1469	0.5426	3.7735	-0.5983	-0.6556	1.0431	-0.0665	-0.0603	0.9962	-0.2675	-0.6015
DIRAS3|DIRAS3	0.0643	-1.096	1.9321	0.5279	0.6833	0.4923	0.5324	-0.2796	0.0821	-0.0294	-0.3774	-0.4055	0.2634	-0.6723	0.8975	-0.3784	-0.7273	-0.332	-0.2163	-0.3866	0.0258	-0.5223	-0.1842	-0.2062	0.5851	0.0049	0.0682	-0.5197	0.6604	-0.2485	-0.1392	0.2316	-0.0579	-0.6395	-0.0714	-0.7168	-0.2873	-0.553	0.7709	3.9209	-4.1703	-0.1675	1.0669	-0.4447	-0.06	-0.1759	1.2145	0.041
ANXA1|Annexin-1	-0.2556	-1.4037	1.9193	-0.4157	2.0494	-1.2562	-0.3975	-0.4773	-0.0002	-1.5567	1.0499	0.9266	-0.2256	1.9101	1.817	-0.7294	0.0038	-1.1095	-1.3806	-0.8603	-0.6868	-0.9071	0.9341	-1.2074	-0.7616	0.1524	1.0316	-0.17	-0.5734	-1.0667	0.6227	0.0799	0.4775	-0.6097	0.4376	1.538	0.4404	-0.6239	-0.8688	-0.6104	1.9382	-0.6227	1.0753	1.0734	-0.4857	0.082	0.6765	-0.9733
PREX1|PREX1	-0.5366	-1.1799	2.7481	-0.4217	-0.504	-0.6114	0.5371	0.3233	0.3071	-1.004	-0.7181	1.4522	2.0673	-0.5967	-0.0049	-0.6142	0.4431	0.2648	-1.2243	-0.182	-0.8671	-0.4732	-0.0814	1.1916	0.848	-0.6845	-0.7677	-0.2964	-0.3611	0.1266	1.8207	-0.8444	0.6521	-0.6761	-0.985	1.138	2.4211	0.0889	-1.1617	-1.5341	0.5829	-0.2546	1.1783	-1.5851	0.5698	0.6695	-0.5919	-0.6682
ERCC1|ERCC1	1.9793	-0.1793	-2.482	0.6448	-0.3091	0.6442	-0.7408	0.0575	-0.3746	0.2798	0.0799	-1.1327	-0.2666	-0.3923	1.2063	-0.4778	-0.5387	1.9837	1.9548	0.9385	-0.4816	0.9505	0.106	1.5434	0.7392	-0.9604	-0.7142	0.8069	0.1431	0.5771	-0.1165	-0.2763	-0.4299	-2.094	0.6041	0.1511	-0.4185	-1.1119	2.0269	0.8991	-1.1942	-0.8428	-0.1687	-1.6573	-0.0834	0.2149	-1.1021	0.0144
MSH2|MSH2	1.4862	-0.4486	-1.635	-0.2531	-0.3318	0.582	-1.208	0.3874	0.4323	-0.275	-0.0637	-0.1043	0.8173	-0.7971	1.4837	-0.2434	0.5161	1.2866	-0.7601	0.2647	-0.026	0.8391	-0.7179	1.4598	1.0402	-0.1971	-0.2256	0.242	0.2794	0.5581	-0.197	1.0879	1.5177	-0.7058	0.1982	-0.0979	0.0729	1.0176	0.6638	-0.6152	-4.3773	0.2597	-0.6973	0.0815	0.314	-1.1499	-1.5078	-0.2533
MSH6|MSH6	0.7894	1.1109	-3.7095	-0.6355	-0.9328	1.0792	-0.5434	0.4306	0.4363	-0.0853	-0.939	0.0532	0.6045	-0.1365	2.1253	-0.3414	-0.2418	1.099	-0.2595	0.9972	0.8495	0.5811	0.0096	1.56	1.7179	-0.8754	0.111	-0.2623	0.1059	0.7444	-0.9858	-0.2886	1.2677	-0.0504	-0.034	-0.5708	0.1332	1.2187	0.1231	-1.5754	-0.8624	-0.0266	-1.2034	-0.299	0.5374	-0.8543	-1.6723	-0.2997
DIABLO|Smac	0.5792	-0.9671	0.5598	-1.7934	1.1855	-0.2974	-0.6192	-0.1839	0.9203	-1.4442	0.8349	0.5738	-0.0011	-1.3335	-0.721	-1.773	0.3509	-1.3518	0.6538	1.6466	-0.2552	0.3895	-0.7988	2.0486	0.6112	0.458	0.934	1.3592	-0.7007	-0.7042	1.2375	1.2282	0.7872	1.1488	-0.4332	0.8376	0.8459	-0.6033	-0.3517	-2.4254	0.0698	-0.7854	-1.0883	0.6153	-0.2342	0.0142	-1.4444	0.4207
ADAR|ADAR1	0.9548	-0.8065	0.6783	0.678	0.1866	1.5659	-1.1915	-0.5574	0.3838	-1.2431	-0.695	-0.019	0.8727	-1.1564	0.4204	-2.1318	0.8658	1.1109	-1.2064	0.5239	0.6304	0.1229	-1.5989	0.8152	1.0729	0.184	0.0685	1.2927	-0.5231	0.2583	-0.9974	1.8601	0.6466	-0.5449	0.4042	0.166	1.0606	0.3145	-0.3495	1.8802	-2.7089	0.1993	-0.8878	0.0358	0.3796	-0.7374	-1.3192	-0.9586
CTNNA1|alpha-Catenin	1.245	-1.3222	1.9699	-0.2771	1.0705	-0.019	-0.5784	0.2609	0.6873	-0.3018	1.5074	-0.345	0.2506	-0.138	-0.322	-0.3038	0.615	-0.4737	0.0761	-0.4217	-0.8271	-0.6406	-0.4374	0.0553	0.0528	-0.2517	0.9431	0.0439	0.3033	-0.3647	1.1153	1.6116	1.0356	-0.3311	-0.2319	0.1048	-0.828	-0.1305	-0.0226	1.975	-4.6602	-0.1862	-0.1468	0.4177	-0.5229	-0.37	-0.0821	-0.8053
NKX2-1|TTF1	0.9741	2.0549	-0.5048	-0.241	0.7691	0.3243	-1.5344	-0.4672	-0.5387	-0.974	-1.1256	-1.0826	0.2869	-1.3043	1.9031	-1.5018	0.7682	-0.0673	-0.1585	-0.6756	-1.0231	0.0538	-0.3786	0.3516	0.1891	-0.8807	2.6139	0.6602	-0.2179	-0.5295	-0.5411	1.2778	-0.2847	-0.9395	1.6765	-0.2369	-0.3091	2.1027	0.1288	1.1404	-0.6071	0.3222	-0.3906	-1.0698	-0.6784	-0.4329	1.6668	-0.5685
CASP3|Caspase-3	NA	NA	NA	NA	NA	NA	NA	NA	NA	NA	NA	NA	NA	NA	NA	NA	NA	NA	NA	NA	NA	NA	NA	NA	NA	NA	NA	NA	NA	NA	NA	NA	NA	NA	NA	NA	NA	NA	NA	NA	NA	NA	NA	NA	NA	NA	NA	NA
CASP9|Caspase-9	NA	NA	NA	NA	NA	NA	NA	NA	NA	NA	NA	NA	NA	NA	NA	NA	NA	NA	NA	NA	NA	NA	NA	NA	NA	NA	NA	NA	NA	NA	NA	NA	NA	NA	NA	NA	NA	NA	NA	NA	NA	NA	NA	NA	NA	NA	NA	NA
PARP1|PARP1	NA	NA	NA	NA	NA	NA	NA	NA	NA	NA	NA	NA	NA	NA	NA	NA	NA	NA	NA	NA	NA	NA	NA	NA	NA	NA	NA	NA	NA	NA	NA	NA	NA	NA	NA	NA	NA	NA	NA	NA	NA	NA	NA	NA	NA	NA	NA	NA
COPS5|JAB1	NA	NA	NA	NA	NA	NA	NA	NA	NA	NA	NA	NA	NA	NA	NA	NA	NA	NA	NA	NA	NA	NA	NA	NA	NA	NA	NA	NA	NA	NA	NA	NA	NA	NA	NA	NA	NA	NA	NA	NA	NA	NA	NA	NA	NA	NA	NA	NA